#b5b6	p3_p4	b1_4	g	Gr	r	t	u2	u3	y1_y2	y3_y4	code	status
3.775	1.0367	3.8521	3.1609	1.8759	3.7754	1.9787	0.8871	0.9338	1.9	3.5279	12	P5P4 dup
1.9593	0.967	5.868	4.8785	3.6112	7.1644	2.139	0.9803	0.9717	3.816	1.8984	11	gr/gr trio
1.8392	0.9722	7.5064	7.3433	5.0707	10.9498	2.2975	0.9432	0.902	5.4165	1.8423	10	gr/gr four
1.8671	1.027	4.701	4.3902	2.7447	5.4936	2.1757	0.939	0.9343	3.2866	1.8602	9	gr/gr dup
1.9179	1.0034	4.6925	3.8082	2.7511	5.5239	2.0355	0.9497	0.97	2.845	1.8494	9	gr/gr dup
2.0017	1.0178	5.1522	4.5542	2.8665	5.7442	2.1962	0.9901	0.9252	3.0305	1.977	9	gr/gr dup
1.8978	1.0256	4.6624	4.2058	2.6292	5.1678	2.1013	0.9358	0.8407	2.7522	1.908	9	gr/gr dup
2.0233	1.0178	5.0367	4.228	2.9262	6.0303	2.2078	0.9984	1.0468	3.0052	2.025	9	gr/gr dup
1.991	1.0432	5.0771	4.3783	2.8475	5.9753	2.1164	1.0524	0.9949	3.0732	2.0032	9	gr/gr dup
1.9512	1.0517	5.0504	4.2889	2.9205	5.7766	2.1498	0.9762	0.9201	3.0383	1.9623	9	gr/gr dup
2.0319	0.977	4.917	3.9268	2.7672	5.5149	2.0197	0.9681	0.989	2.8853	1.9616	9	gr/gr dup
1.9249	0.9623	4.8671	3.8117	2.8132	5.8432	1.9895	1.0222	1.0198	2.8654	1.8752	9	gr/gr dup
1.8621	1.0226	4.7014	4.2143	2.6773	5.3389	2.1611	0.9761	0.87	2.7918	1.8755	9	gr/gr dup
1.8624	1.0465	4.7071	4.3965	2.7436	5.3145	2.3032	0.939	0.8898	2.7645	1.9114	9	gr/gr dup
1.9013	0.9639	4.7301	4.2308	2.7755	5.2308	2.0817	0.9251	0.9171	2.7779	1.7451	9	gr/gr dup
1.8904	0.9733	4.7985	4.2149	2.6799	5.4765	2.0617	0.8914	0.8637	2.837	1.8496	9	gr/gr dup
1.9465	0.9939	5.0325	4.574	2.9244	6.0306	2.1528	0.9935	1.0198	3.0486	1.8945	9	gr/gr dup
1.9601	1.0466	4.9422	4.1534	2.7509	5.895	2.1782	0.9742	0.9398	2.8661	1.9011	9	gr/gr dup
1.7867	1.054	4.5669	3.8434	2.5617	5.4163	1.8886	0.9622	0.891	2.744	1.8066	9	gr/gr dup
1.8994	1.0019	3.9417	4.5868	1.3448	3.7832	2.165	0.9235	1.6951	1.9702	1.9634	8	gr/gr del+b2/b4 dup
1.8535	0.9825	3.8275	4.2609	1.2395	3.7194	1.9611	0.9148	1.6717	1.9729	1.7727	8	gr/gr del+b2/b4 dup
1.7741	1.0658	2.723	2.2151	0.9225	1.8206	2.2769	0.9357	0.8904	0.8718	1.9486	7	gr/gr del
1.9408	0.9661	2.9225	1.7661	0.9607	1.8566	1.6423	1.0182	0.923	0.9998	1.7414	7	gr/gr del
1.8899	1.0167	2.8556	2.131	1.0877	1.9291	1.9837	0.9513	0.9481	0.9778	1.817	7	gr/gr del
1.7835	1.0331	2.6285	2.1327	1.0309	1.7409	1.9078	0.9355	0.8915	1.141	1.9057	7	gr/gr del
1.8706	1.0269	2.7989	1.8336	1.0988	1.8996	1.7099	0.9487	0.9275	1.245	1.8098	7	gr/gr del
1.792	1.0111	2.7944	2.0101	1.1004	1.8273	1.8861	0.91	0.9096	0.9897	1.8643	7	gr/gr del
1.8798	1.0265	2.8314	1.9132	1.1083	1.8333	1.836	0.9171	0.9448	1.2269	1.831	7	gr/gr del
1.8113	1.0843	2.7031	2.1855	1.006	1.6905	2.4578	0.8545	0.8777	0.9064	1.9756	7	gr/gr del
1.8475	1.0671	2.784	2.1353	1.0906	1.7154	2.2984	0.8583	0.8569	1.1884	1.9348	7	gr/gr del
1.9352	0.9947	2.856	2.0762	1.1293	1.9161	2.0199	0.9729	0.9169	1.2393	1.8758	7	gr/gr del
1.7568	1.0168	2.7047	2.0669	1.1119	1.9196	2.0613	0.9091	0.9045	0.9808	1.8954	7	gr/gr del
1.7555	1.0213	2.6533	2.0176	1.0855	1.8003	1.928	0.9258	0.8533	1.1581	1.8587	7	gr/gr del
1.765	1.0341	2.7229	2.1433	1.1298	1.8485	2.0143	0.9354	0.9385	1.2439	1.9053	7	gr/gr del
1.7529	1.0348	2.6855	1.9789	1.1567	1.8799	2.068	0.914	0.867	0.9832	1.9359	7	gr/gr del
1.7414	1.0098	2.7775	2.0599	1.2045	1.8919	1.8828	0.9102	0.8906	1.0333	1.9555	7	gr/gr del
1.8789	0.9838	2.4814	1.1855	1.0902	1.1891	1.7763	0.934	0.6165	0.7061	1.8831	7	gr/gr del
1.8291	1.002	3.4675	2.0775	1.122	1.8912	2.033	0.9248	0.9022	1.0667	1.9049	7	gr/gr del
1.9323	1.0548	3.0267	2.2574	1.1649	1.9781	2.0941	0.9942	0.9821	1.0597	1.9805	7	gr/gr del
1.8708	0.9734	2.9071	2.069	1.056	1.8291	1.8961	0.918	0.9241	0.9853	1.879	7	gr/gr del
2.0165	1.0055	3.0402	2.0662	1.1931	1.9904	2.0215	1.0263	1.0004	1.0596	1.9745	7	gr/gr del
2.0151	1.004	3.1152	2.0566	1.1788	2.1544	1.9422	1.0343	0.9698	1.0652	2.0031	7	gr/gr del
1.9302	0.9896	2.9673	1.9782	1.1307	1.9729	1.8718	0.9677	0.9916	1.0213	1.8379	7	gr/gr del
1.914	0.9682	2.806	1.8813	1.0607	1.8787	1.802	0.9727	1.2382	0.967	1.8219	7	gr/gr del
1.9956	1.0057	3.0889	2.0706	1.1886	1.993	2.0091	1.0128	1.0012	1.0734	1.9849	7	gr/gr del
1.8452	1.0183	2.8777	2.1824	1.1344	1.8888	2.2565	0.8958	0.7544	0.9687	2.0267	7	gr/gr del
1.9897	1.0136	2.9751	2.2346	1.1723	2.0489	2.1078	0.9881	1.0091	1.0582	1.9557	7	gr/gr del
1.8871	1.0174	2.9178	2.1675	1.0505	1.8061	1.9095	0.8883	0.936	0.982	1.7378	7	gr/gr del
1.8856	0.9869	2.9513	2.1569	1.1002	1.8648	1.8545	0.9473	0.9583	1.0442	1.7721	7	gr/gr del
1.8645	0.9959	2.8435	2.2496	1.0966	1.8547	2.2762	0.9052	0.8218	0.963	2.0205	7	gr/gr del
1.9062	1.0632	2.959	2.2234	1.1302	2.0044	2.0475	0.9597	0.9081	1.0362	1.9082	7	gr/gr del
1.9233	0.9922	2.929	2.1252	1.1013	1.9217	2.0157	0.8821	0.944	0.9802	1.9622	7	gr/gr del
1.8175	1.0581	2.8652	2.2997	1.1113	1.8877	2.3563	0.8998	0.8152	0.9821	2.0382	7	gr/gr del
1.8694	1.0043	2.8926	2.0721	1.0854	1.8864	1.9899	0.9642	0.8368	0.9552	1.9546	7	gr/gr del
1.8012	1.0432	2.834	2.2117	1.0395	1.8012	2.1394	0.8859	0.8647	0.9649	1.9023	7	gr/gr del
1.9157	1.0962	2.8317	2.1499	1.1112	1.8731	2.0832	0.9344	0.9089	0.9743	1.845	7	gr/gr del
1.9225	1.0214	2.9796	2.1506	1.1287	2.0693	1.9713	0.973	0.9672	1.0598	1.9092	7	gr/gr del
1.8646	1.03	2.8953	2.1499	1.094	1.9887	1.917	0.9065	0.9366	1.0873	1.9039	7	gr/gr del
3.4767	1.0602	3.8125	3.2016	1.9006	3.6767	2.1911	0.9351	0.8759	1.8341	1.9773	6	b5/b6 dup
3.5158	1.0165	4.0715	3.2774	2.0203	4.0315	1.9793	0.9588	0.93	2.0845	2.0644	6	b5/b6 dup
2.5188	0.9925	3.8374	2.8416	1.9325	3.7336	1.893	0.9935	0.8612	1.9484	1.8201	6	b5/b6 dup
1.9697	0.9581	5.8518	5.7782	2.9859	7.359	2.0522	0.986	1.8635	3.8204	1.8413	5	b2/b4 dup
1.8739	1.0043	5.6443	6.3944	2.8594	7.3553	2.3075	0.9364	1.7445	3.6428	1.8781	5	b2/b4 dup
1.8592	0.9945	4.7952	5.3808	2.1056	5.4852	2.1231	0.9356	1.7279	2.8992	1.8901	4	b2/b3 dup
1.8388	1.0104	4.613	4.9776	2.0386	4.9869	2.1177	0.8907	1.5439	2.7183	1.9051	4	b2/b3 dup
1.9034	0.9819	4.6108	4.9014	2.0113	5.3455	2.0862	0.9097	1.6717	2.7073	1.8764	4	b2/b3 dup
1.9117	1.003	5.05	5.5901	2.2226	5.6309	2.1803	0.9634	1.7164	2.9298	1.9515	4	b2/b3 dup
1.8964	0.9626	4.7893	4.7552	2.0964	5.3053	1.9772	0.9853	1.8418	2.7918	1.8773	4	b2/b3 dup
1.8632	1.0209	4.6619	5.8275	2.0689	5.0867	2.4614	0.9051	1.6803	2.7411	1.8745	4	b2/b3 dup
1.9188	0.9947	4.6363	5.6733	1.4391	5.4294	1.9203	0.8827	2.4076	2.7264	1.9079	4	b2/b3 dup
1.8556	1.0499	4.7246	5.6636	2.0555	5.5456	2.2882	0.8962	1.8192	2.7975	1.838	4	b2/b3 dup
1.9072	1.0832	2.9597	1.0695	1.6756	2.3259	1.9276	0.9002	0.1961	1.0589	1.8045	3	b2/b3 del
1.9835	1.0052	3.0391	1.0436	1.8109	2.0156	1.9826	0.9771	0.1339	1.0574	2.0093	3	b2/b3 del
1.9562	0.916	2.8612	1.9684	1.8423	2.8514	1.8147	0.9993	0.9846	1.0066	1.8924	3	b2/b3 del
1.8819	1.0039	3.1262	1.1285	2.4904	3.0943	2.177	0.9433	0.1359	0.9724	1.8307	3	b2/b3 del
1.8968	1.0464	2.9105	1.0271	1.7395	2.3297	2.0262	0.9602	0.1391	1.0015	1.9122	3	b2/b3 del
1.9832	1.0063	2.9954	1.0028	1.7975	1.9948	1.9166	0.986	0.1283	1.0225	1.8432	3	b2/b3 del
1.9152	1.0139	2.9222	0.9675	1.7389	1.9703	1.8393	1.0193	0.1447	1.0015	1.8154	3	b2/b3 del
1.6648	1.0761	2.5562	1.1571	1.5847	1.6727	1.8874	0.9144	0.1577	0.9276	1.8437	3	b2/b3 del
1.8184	1.0415	2.7427	0.98	1.7287	1.9356	1.6194	1.0261	0.2229	1.0157	1.7538	3	b2/b3 del
1.7569	1.0357	2.7435	0.9403	1.6045	1.8541	1.6062	0.9645	0.2451	0.9959	1.68	3	b2/b3 del
2.01	1.0574	3.0197	0.9558	1.7475	2.1157	1.7291	0.9831	0.2213	1.0539	1.7907	3	b2/b3 del
1.9468	1.0419	2.8735	0.9767	1.7465	2.0201	1.7604	0.9338	0.2259	1.0394	1.8541	3	b2/b3 del
1.9054	1.0645	2.8937	1.0028	1.756	2.0046	1.8034	0.9741	0.1776	1.0264	1.7841	3	b2/b3 del
1.939	1.0791	2.9447	1.0094	1.7506	2.0268	1.779	0.9816	0.1972	1.0371	1.7928	3	b2/b3 del
1.9118	1.0459	2.9094	1.0743	1.7867	2.361	1.9663	0.9545	0.2174	1.017	1.8488	3	b2/b3 del
1.7544	1.0349	2.6136	0.9338	1.5744	1.8558	1.6784	0.9394	0.1988	0.9515	1.66	3	b2/b3 del
1.9175	1.0595	2.8818	1.0887	1.7829	1.924	1.8648	0.992	0.2262	1.0208	1.9133	3	b2/b3 del
1.7725	1.1021	2.8196	1.2508	1.6675	1.7916	2.1081	0.8074	0.1612	1.0124	1.8185	3	b2/b3 del
2.0279	1.0431	3.1094	0.9989	1.8412	1.9718	1.8099	1.0161	0.1899	1.0937	1.8705	3	b2/b3 del
1.6701	1.0938	2.7357	1.2488	1.4865	1.6969	1.9396	0.8422	0.1199	0.9819	1.8407	3	b2/b3 del
1.7208	1.1091	1.8679	2.3529	0.8574	1.6602	0.234	0.0297	0.1203	1.8368	1.7785	2	b1/b3 del
0.0047	0.0234	1.2848	2.386	1.135	1.9543	0.0939	0.0796	0.2901	1.1488	1.3098	1	AZFb
1.8704	1.0428	3.8588	3.299	1.8746	3.5836	2.2072	0.9346	0.9041	1.9104	1.9279	0	OK
1.9255	1.0324	3.8255	2.8928	1.9005	3.7284	2.0173	0.9633	0.9496	1.9391	1.8681	0	OK
1.7916	1.1092	3.677	3.7854	1.8729	3.4428	2.4097	0.9208	0.8327	1.8222	1.8645	0	OK
1.978	0.9819	3.9156	2.929	1.9615	3.7614	2.002	0.9681	0.8879	1.9684	1.9105	0	OK
1.8149	0.9879	3.5774	3.3162	1.7727	3.4454	2.1958	0.8651	0.8594	1.8076	1.8632	0	OK
1.7748	0.971	3.5456	3.2505	1.7985	3.43	2.105	0.8459	0.8489	1.7963	1.7473	0	OK
1.813	0.9866	3.6109	3.5246	1.8821	3.3941	2.3469	0.8594	0.8596	1.8097	1.8446	0	OK
1.871	1.0322	3.4931	3.101	1.7901	3.3192	2.0221	0.8653	0.8678	1.7635	1.7333	0	OK
1.6755	1.1217	3.5784	3.8893	1.758	3.239	2.6141	0.884	0.8027	1.6918	1.9244	0	OK
1.7991	1.0132	3.7173	3.486	1.8454	3.4439	2.2232	0.8972	0.8064	1.8421	1.7558	0	OK
3.4004	1.0583	3.6876	3.5341	1.8544	3.5389	2.2114	0.903	0.8407	1.8464	1.8678	0	OK
1.7521	1.0281	3.6237	3.6567	1.7893	3.3571	2.4265	0.8533	0.7334	1.7582	1.8273	0	OK
1.7805	1.0561	3.6998	3.6525	1.8334	3.4888	2.4133	0.879	0.8876	1.7901	1.9414	0	OK
1.7409	1.0299	3.6719	3.5602	1.8264	3.2955	2.3588	0.8628	0.872	1.8206	1.8101	0	OK
1.9812	1.0318	3.8646	3.1435	2.0027	3.6656	2.0824	0.9473	0.936	1.9751	1.847	0	OK
1.9971	0.9942	3.9162	2.9447	1.938	3.7946	1.8182	0.9643	1.0837	1.9879	1.9092	0	OK
1.8806	0.9626	3.7008	3.0145	1.9125	3.6293	2.0788	0.9139	1.0058	1.9128	1.893	0	OK
1.8871	1.0061	3.8221	2.8349	1.9405	3.7491	1.9244	0.9655	0.9767	1.9895	1.8367	0	OK
1.9095	0.9653	3.8211	2.7856	1.9357	3.6797	1.8339	0.9078	1.0214	1.9113	1.8173	0	OK
1.9869	0.9125	3.7787	2.7808	1.8469	3.598	1.9089	0.9404	0.9232	1.9065	1.826	0	OK
1.8493	0.9851	3.7659	3.19	1.9541	3.687	2.2028	0.9217	0.9396	1.8839	1.9793	0	OK
1.8449	1.0076	3.795	3.38	1.9402	3.7238	2.4001	0.9414	0.8322	1.8411	2.0632	0	OK
1.8846	1.0533	3.8451	3.2285	1.9774	3.7569	2.2766	0.928	0.9412	1.8634	1.9968	0	OK
1.9721	1.0349	3.9919	3.1042	2.0328	3.8228	2.1311	0.9442	0.8924	1.9821	1.9966	0	OK
1.8944	1.0115	3.8031	2.973	1.8712	3.73	2.0223	0.9506	0.9383	1.8877	1.9307	0	OK
1.8895	1.0284	3.8723	3.3479	1.8932	3.5399	2.2099	0.8749	0.9239	1.9083	1.8332	0	OK
1.8795	0.9967	3.8403	2.931	1.921	3.8148	2.0646	0.9155	0.9351	1.8903	1.9866	0	OK
1.8947	1.0738	3.7846	3.1605	1.8799	3.6454	2.1021	0.921	0.9209	1.9059	1.8575	0	OK
1.9057	1.0093	3.7807	2.8392	1.8969	3.6108	1.9317	0.9361	0.9104	1.8811	1.8924	0	OK
1.6588	1.0566	3.5472	2.9834	1.8451	3.4373	2.1062	0.9059	0.8493	1.7686	1.938	0	OK
1.5602	1.0166	3.2306	3.0607	1.6759	3.1796	2.242	0.8058	0.7939	1.5642	1.9335	0	OK
1.7568	1.0472	3.456	3.0505	1.8039	3.3964	2.101	0.8758	0.8056	1.7366	1.9118	0	OK
1.7358	1.0555	3.5783	3.1357	1.7958	3.4146	2.1729	0.943	0.8173	1.7766	1.9826	0	OK
1.7865	1.0527	3.5615	3.1549	1.7643	3.386	2.2473	0.8859	0.8637	1.7258	1.9307	0	OK
1.8173	1.0723	3.7267	3.355	1.897	3.6462	2.3228	0.9018	0.8106	1.8719	1.9785	0	OK
1.8404	1.0165	3.843	3.3924	1.9393	3.6051	2.128	0.9504	0.8924	1.9315	1.885	0	OK
1.7565	1.0609	3.6251	3.1972	1.8943	3.5308	2.2988	0.916	0.8713	1.7978	1.9899	0	OK
1.7047	1.0338	3.3587	2.9005	1.8464	3.4876	1.781	0.8728	0.7317	1.8373	1.8485	0	OK
1.6864	1.0032	3.5683	3.0205	1.7996	3.3003	1.8616	0.8772	0.8311	1.7685	1.7651	0	OK
1.7568	1.0621	3.4985	3.1369	1.7583	3.3643	1.9562	0.9292	0.8097	1.7184	1.8947	0	OK
1.7273	1.0501	3.4804	2.9615	1.8417	3.3561	2.0162	0.8987	0.884	1.7851	1.8085	0	OK
1.8959	0.9271	3.6504	2.9397	1.9411	3.5301	1.8718	0.9013	1.0062	1.8274	1.873	0	OK
1.8457	1.1125	3.7518	3.2362	1.9084	3.8168	2.3846	0.8983	0.971	1.8013	2.015	0	OK
1.819	0.9949	3.6422	3.0339	1.7943	3.4977	2.0928	0.8916	0.8612	1.7706	1.9387	0	OK
1.7535	1.0236	3.5529	2.9541	1.8599	3.388	1.9631	0.8923	0.8825	1.784	1.8573	0	OK
1.765	0.9886	3.5666	2.9569	1.8151	3.3364	2.048	0.8879	0.9124	1.7768	1.8674	0	OK
1.7518	1.0525	3.5431	3.0439	1.8184	3.5006	2.13	0.8908	0.8646	1.7516	1.8828	0	OK
1.7031	1.0708	3.58	3.089	1.8025	3.5003	2.0806	0.8885	0.8496	1.8052	1.855	0	OK
1.747	1.0675	3.6608	3.0804	1.8038	3.5367	1.9862	0.9413	0.8916	1.8294	1.8214	0	OK
1.7287	1.0174	3.6051	3.0336	1.7936	3.4102	2.0781	0.8901	0.893	1.759	1.8458	0	OK
1.7993	1.0003	3.6898	3.0393	1.9112	3.5662	1.8814	0.9351	0.8273	1.8802	1.8411	0	OK
1.9406	1.0635	3.859	3.079	1.92	3.9247	2.0019	0.9656	0.9134	1.9293	1.9157	0	OK
1.9534	0.9583	3.9013	2.7884	1.9299	3.6773	1.9214	1.0135	0.9613	1.9391	1.9383	0	OK
1.9416	1.0487	3.9072	2.9241	1.9492	3.9896	2.0371	0.9873	0.9372	1.9424	1.9323	0	OK
1.905	1.0403	3.8187	2.8834	1.9758	3.6898	1.9676	0.959	0.994	1.937	1.8901	0	OK
1.9751	0.9741	4.0027	2.9422	1.9567	3.7442	1.9453	0.9491	0.92	1.9558	1.8659	0	OK
1.9101	1.0652	3.8442	3.2055	1.8805	3.8992	2.0916	0.9414	0.9536	1.9097	1.9074	0	OK
1.993	0.966	3.9738	2.9689	1.9899	3.7053	1.9544	0.9813	0.978	1.9709	1.8822	0	OK
1.8839	0.9678	3.8983	2.921	1.8793	3.6738	1.9437	0.9258	0.931	1.9429	1.8873	0	OK
1.781	1.0346	3.5663	3.3458	1.8075	3.4434	2.5626	0.8941	0.8321	1.7181	1.9885	0	OK
1.9544	0.9652	3.9116	2.9137	1.9319	3.7512	1.9207	0.9704	0.9298	1.9786	1.9227	0	OK
1.9389	0.9839	3.8688	2.8859	1.951	3.7213	1.9616	0.9613	1.0158	1.9198	1.9094	0	OK
1.9278	1.0291	3.8864	2.9733	1.9304	3.7841	1.8778	0.9689	0.9533	1.9569	1.8733	0	OK
1.9599	1.0146	3.9797	2.8957	1.9444	3.8524	1.8573	0.9908	0.9989	1.9589	1.8586	0	OK
1.9519	1.0559	3.9456	2.8466	1.9288	3.8799	1.8467	0.9859	1.0414	1.9731	1.849	0	OK
1.922	1.1246	3.8947	2.8391	1.8444	3.7812	1.9679	0.9107	0.9363	1.9025	1.8967	0	OK
1.9577	1.0135	3.7649	2.8599	1.9269	3.8025	1.8623	0.956	1.135	1.9021	1.8138	0	OK
2.0487	1.0149	3.9531	2.8599	2.0276	4.0576	1.8804	1.0038	0.9175	1.9869	1.8782	0	OK
1.9718	1.0448	3.8726	2.9467	1.9287	4.0105	1.9921	1.0279	0.9242	1.9594	1.8514	0	OK
1.9748	0.977	3.8797	2.7327	1.9595	3.6684	1.7064	1.0107	1.0037	1.9823	1.776	0	OK
1.8786	1.0405	3.6607	2.8035	1.8832	3.8081	1.9111	0.914	0.8694	1.8927	1.8583	0	OK
1.8961	0.9859	3.8561	2.9936	1.9273	3.6289	1.8928	0.9373	0.9178	1.911	1.773	0	OK
1.9546	1.0655	3.9339	2.8855	1.9962	3.9892	1.9662	0.9006	0.9131	1.9646	1.8905	0	OK
1.8899	1.0466	3.7348	2.9154	1.9713	3.7783	1.9156	0.9238	0.8912	1.9654	1.9429	0	OK
2.0162	1.1126	3.9211	2.8927	1.9577	3.9149	1.9648	0.9525	0.9522	1.9795	1.9484	0	OK
1.9415	1.0627	4.1291	3.2226	1.959	3.9608	2.1041	0.9071	0.885	1.969	1.943	0	OK
1.9305	1.0099	3.8405	2.9083	1.9207	3.6825	1.9554	0.9539	0.8197	1.9118	1.8756	0	OK
1.9133	1.0513	3.8479	2.9053	1.9531	3.9031	1.9275	0.9446	0.9609	1.9281	1.8645	0	OK
1.9256	1.0182	3.8517	3.1204	1.939	3.9682	2.0031	0.9368	0.9905	1.8986	1.8384	0	OK
1.7886	1.0241	3.6517	3.4017	1.7945	3.3875	2.1336	0.9144	0.9201	1.8008	1.794	0	OK
1.6899	1.064	3.6495	3.9961	1.7966	3.4066	2.6986	0.8758	0.8008	1.7967	1.9083	0	OK
1.9628	1.0004	3.8271	2.9212	1.9019	3.7978	1.9221	0.9817	0.9148	1.9045	1.866	0	OK
1.7734	1.0327	3.5666	3.6291	1.6511	3.2217	2.1452	0.9256	0.9846	1.7239	1.7913	0	OK
1.9446	0.967	3.8346	2.8077	1.8678	3.5928	1.8745	0.9607	0.9787	1.9271	1.8576	0	OK
1.9632	0.9906	3.9204	2.8815	1.9881	3.7845	1.9355	0.9805	1.0489	1.9633	1.8765	0	OK
1.967	0.977	3.8892	2.8722	1.9033	3.6898	1.8971	0.971	0.9589	1.9754	1.8297	0	OK
2.019	0.9947	3.9559	2.8918	1.9154	3.9237	1.8991	1.0115	0.9545	1.9618	1.8618	0	OK
1.9264	0.9797	3.8471	2.8966	1.8416	3.5845	1.9233	0.9249	1.0032	1.915	1.8451	0	OK
1.8907	1.0123	3.8359	2.9894	1.8817	3.7137	2.0533	0.9687	1.3199	1.9263	1.8814	0	OK
1.9229	1.0069	3.8575	2.8889	1.9786	3.6859	1.8947	0.985	1.3574	1.9424	1.8728	0	OK
1.8745	1.0176	3.9406	3.2031	1.9198	3.7687	1.9406	0.9466	0.9769	2.0136	1.8653	0	OK
1.9448	0.9925	3.87	3.0531	1.9152	3.7005	2.0231	0.9312	0.9472	1.8965	1.8682	0	OK
1.9395	1.0117	3.9959	3.1332	1.9719	3.8375	2.0093	1.0005	0.9696	1.9829	1.9088	0	OK
1.9303	1.0571	3.7481	2.9626	1.8614	3.5104	1.8427	0.8745	0.9991	1.9138	1.8579	0	OK
1.6435	0.9851	3.2558	2.4818	1.663	3.0089	1.6474	0.952	0.8225	1.627	1.5825	0	OK
1.9305	0.9693	3.8952	2.8791	1.9589	3.6757	1.9237	1.0032	0.9941	1.937	1.9025	0	OK
1.8924	1.0178	3.8323	2.755	1.8851	3.6618	1.7358	0.9606	0.9928	1.9097	1.7846	0	OK
1.8073	1.0099	3.5864	3.1323	1.7727	3.2221	2.32	0.8717	0.8714	1.7541	1.9474	0	OK
1.7748	0.9674	3.4473	2.6011	1.8132	3.4397	1.748	0.9044	0.7813	1.816	1.9198	0	OK
1.8329	0.9872	3.6924	2.9519	1.8466	3.4761	1.8838	0.8916	0.9249	1.8755	1.8485	0	OK
1.8345	0.9616	3.6839	2.796	1.9483	3.524	1.7519	0.9393	0.8132	1.9	1.9312	0	OK
1.9664	0.9595	3.7803	3.0712	1.9493	3.6262	2.0584	0.9449	1.0452	1.873	1.9342	0	OK
1.7851	0.9937	3.6533	2.9921	1.8335	3.3748	1.8944	0.8859	0.8548	1.8794	1.98	0	OK
1.6888	0.9706	3.5171	2.9356	1.883	3.3664	1.927	0.8672	0.8211	1.7837	1.9426	0	OK
1.7026	0.9891	3.4663	3.2296	1.8226	3.2664	2.193	0.8829	0.8066	1.7679	1.9308	0	OK
1.907	0.965	3.8556	3.0298	1.8902	3.63	2.0777	0.9219	0.8555	1.9196	1.9345	0	OK
1.6791	1.0624	3.5974	3.6225	1.7977	3.274	1.9192	0.9168	0.8374	1.7401	1.7581	0	OK
1.8397	1.0295	3.7292	3.5242	1.8628	3.5792	2.3321	0.9058	0.9844	1.8458	1.8849	0	OK
1.7644	1.098	3.5661	3.6038	1.7541	3.3315	2.3611	0.8863	0.9236	1.741	1.8484	0	OK
1.8269	1.0726	3.725	3.3678	1.8593	3.6355	2.1128	0.9346	0.9006	1.8673	1.8307	0	OK
1.7468	1.1272	3.5276	3.6403	1.7557	3.3989	2.2823	0.8654	0.9533	1.758	1.769	0	OK
1.7692	1.2063	3.7264	3.5743	1.8236	3.605	2.1106	0.8994	0.8135	1.8469	1.767	0	OK
1.8591	1.0606	3.603	3.1933	1.7653	3.3728	2.3869	0.8461	0.8553	1.7294	1.9953	0	OK
1.8807	1.0324	3.7858	2.8104	1.9248	3.7702	1.8163	0.9641	0.9087	1.9346	1.8786	0	OK
1.8719	1.0743	3.691	3.2962	1.8375	3.375	2.3369	0.8392	0.9024	1.7791	1.9901	0	OK
1.8429	1.0199	3.6956	3.1576	1.805	3.4399	2.0679	0.8793	0.8134	1.804	1.8909	0	OK
1.9432	0.9744	3.878	2.9186	1.9374	3.7197	1.8989	0.96	0.9855	1.9141	1.9186	0	OK
1.7283	1.0287	3.5185	3.4589	1.779	3.435	2.0719	0.8608	0.9529	1.7493	1.8146	0	OK
1.8722	1.0595	3.6905	3.0976	1.8021	3.4672	2.0177	0.8706	0.9267	1.813	1.9452	0	OK
1.8387	1.0104	3.6605	3.0209	1.8868	3.602	1.9971	0.9313	0.9167	1.822	1.8676	0	OK
1.8413	1.0463	3.6957	2.7247	1.8302	3.6689	1.7378	0.953	0.9199	1.8799	1.825	0	OK
1.8811	1.0476	3.7631	3.1435	1.8929	3.5479	2.0981	0.8723	0.8941	1.8867	1.984	0	OK
1.7102	1.0686	3.3885	3.0831	1.6857	3.1449	2.6759	0.8669	0.8297	1.6287	2.046	0	OK
1.7483	1.0131	3.5712	3.0662	1.8879	3.6016	2.1131	0.9025	0.8616	1.7961	1.9597	0	OK
1.9042	1.0799	3.8921	4.0192	1.3446	3.9515	2.0482	0.904	1.4207	1.9066	2.0724	0	OK
1.6731	0.9893	3.3727	2.9444	1.7432	3.2076	1.9772	0.836	0.8814	1.6626	1.7617	0	OK
1.783	1.0179	3.5552	2.9108	1.7907	3.5188	1.9198	0.9305	0.8467	1.8048	1.8362	0	OK
1.9615	0.9735	3.9264	3.0068	2.0666	3.6856	1.9976	0.9885	0.9563	1.9726	1.8913	0	OK
1.937	0.9661	3.8514	2.8585	1.8577	3.6486	1.9474	0.9328	0.9148	1.8847	1.8486	0	OK
1.9073	0.9883	3.8627	3.3159	1.8871	3.6858	2.1529	0.9823	1.0235	1.9344	1.9203	0	OK
1.9265	0.9864	3.9449	3.2078	1.9265	3.7463	2.0602	0.9706	0.8947	1.98	1.9105	0	OK
1.8884	1.0287	3.5524	3.3189	1.7234	3.1873	2.9974	0.8702	0.8564	1.6522	2.135	0	OK
1.8586	1.0008	3.7481	2.919	1.883	3.5202	1.8617	0.9289	0.9033	1.8742	1.8218	0	OK
1.9225	0.9952	3.8096	3.2686	1.8958	3.5646	2.1007	0.9089	0.8688	1.8818	1.9204	0	OK
1.718	0.9651	3.5599	2.7909	1.7679	3.3596	1.8746	0.9055	0.876	1.7742	1.8543	0	OK
1.9155	1.0038	3.7988	2.9231	1.9458	3.7407	1.9933	0.9531	0.9069	1.8797	1.8782	0	OK
1.8717	1.0559	3.6505	3.2252	1.7486	3.4467	2.2011	0.8806	0.9102	1.8049	1.8958	0	OK
1.7771	1.0204	3.674	3.0641	1.8254	3.4447	2.0164	0.8623	0.8833	1.8197	1.9085	0	OK
1.8328	1.0402	3.6838	3.0681	1.8573	3.5431	2.056	0.9198	0.9089	1.8613	1.9257	0	OK
1.8227	1.0491	3.6874	3.1302	1.9098	3.4773	2.1212	0.898	0.918	1.8345	1.8931	0	OK
1.8275	0.999	3.8535	3.0963	1.9133	3.7709	2.0546	0.9104	0.9536	1.8637	1.9122	0	OK
1.7813	1.0208	3.6109	2.9633	1.8383	3.5322	1.9553	0.8835	0.8261	1.8366	1.8744	0	OK
1.8113	1.0708	3.6555	3.1253	1.8001	3.3867	2.1176	0.8879	0.8614	1.7567	1.8784	0	OK
1.7824	1.0486	3.712	3.0809	1.8796	3.5269	1.9765	0.9177	0.876	1.8784	1.8363	0	OK
1.7718	1.0197	3.5543	3.0679	1.8145	3.2807	2.0228	0.8476	0.8235	1.7757	1.8448	0	OK
1.7969	1.0223	3.6231	3.1728	1.7955	3.2653	2.1373	0.8389	0.8308	1.8076	1.9182	0	OK
1.8691	1.065	3.6048	3.2436	1.8048	3.328	2.1495	0.8559	0.7926	1.7866	1.8616	0	OK
1.6955	0.9723	3.4193	2.7308	1.7796	3.4627	1.8541	0.9096	0.8364	1.7241	1.8132	0	OK
1.697	1.1289	3.6481	3.4383	1.7702	3.257	2.4008	0.8468	0.8174	1.7282	1.9701	0	OK
1.7428	1.0019	3.5891	2.954	1.7797	3.4937	2.0117	0.8975	0.8893	1.7876	1.9132	0	OK
1.8204	0.9873	3.6819	2.8064	1.8764	3.7869	1.941	0.9276	0.8403	1.8183	1.8906	0	OK
1.792	1.0299	3.636	3.0288	1.8882	3.6144	1.9965	0.8999	0.8924	1.8041	1.9071	0	OK
1.7462	1.0413	3.5459	3.0506	1.799	3.4707	2.0953	0.8967	0.8181	1.7811	1.9114	0	OK
1.7531	1.0335	3.5191	3.1625	1.7934	3.4336	2.1424	0.9245	0.799	1.8163	1.9243	0	OK
1.7983	1.0988	3.6883	3.2561	1.7906	3.4149	2.0502	0.8705	0.8249	1.8493	1.7995	0	OK
1.7928	1.0899	3.6129	3.1973	1.7865	3.4353	2.3517	0.8881	0.8936	1.7732	1.9297	0	OK
1.786	1.1012	3.6085	3.1408	1.7556	3.3878	2.1302	0.8289	0.8476	1.785	1.8665	0	OK
1.6198	1.0754	3.3338	3.1145	1.6204	3.1196	2.2584	0.8202	0.8298	1.5871	1.827	0	OK
1.8264	1.0896	3.5427	3.2086	1.7492	3.2619	2.5436	0.8631	0.8951	1.7313	1.9889	0	OK
1.9242	1.0256	3.8279	2.9313	1.9168	3.8587	1.8829	0.939	0.9671	1.9474	1.8529	0	OK
1.7834	1.0873	3.6073	3.1868	1.8005	3.4504	2.445	0.876	0.8665	1.7464	1.9527	0	OK
1.8802	0.9763	3.6767	2.8039	1.8651	3.5759	1.7831	0.9549	0.8574	1.9158	1.833	0	OK
1.7602	1.0039	3.4835	3.118	1.7174	3.2396	2.2128	0.9044	0.8557	1.6994	1.9539	0	OK
1.8103	0.9927	3.5856	3.0831	1.8036	3.4289	2.0611	0.9134	0.8294	1.7893	1.9211	0	OK
1.6986	0.9812	3.4506	2.9972	1.7187	3.1823	1.9775	0.8904	0.7885	1.7175	1.8116	0	OK
1.7746	0.9859	3.5784	3.0987	1.8601	3.3998	2.0524	0.9157	0.7606	1.7884	1.8894	0	OK
1.536	1.0633	3.2704	3.5722	1.7032	2.9815	2.5158	0.8684	0.6846	1.5316	2.0268	0	OK
1.6584	1.0937	3.4056	3.4197	1.703	3.1675	2.3847	0.8894	0.6792	1.6054	1.9896	0	OK
1.7628	1.1057	3.6527	3.3436	1.8849	3.5737	2.2827	0.9314	0.8468	1.8078	1.9242	0	OK
1.8035	0.9733	3.6592	2.8302	1.8622	3.519	1.8466	0.8934	0.829	1.8435	1.8888	0	OK
1.4011	0.9739	3.5093	2.7293	1.694	2.9188	2.0349	0.876	0.8137	1.5364	1.8535	0	OK
1.7824	1.0595	3.7117	2.9986	1.9946	3.5641	1.8913	0.8953	0.8694	1.932	1.8881	0	OK
1.7972	1.0593	3.7178	2.9628	1.9293	3.5259	1.9858	0.8691	0.9141	1.8439	1.8684	0	OK
1.8	1.0864	3.739	3.4063	1.8711	3.481	2.2797	0.9097	0.913	1.7944	1.9911	0	OK
1.5202	0.9383	3.1718	2.737	1.713	3.0532	1.8195	0.8595	0.8623	1.5613	1.8055	0	OK
1.85	1.0541	3.7986	3.2401	1.8714	3.7578	1.979	0.9183	0.9057	1.9555	1.7814	0	OK
1.8222	1.0456	3.6849	3.2026	1.8132	3.5016	2.126	0.7815	0.8458	1.8076	1.8784	0	OK
1.8034	1.0362	3.5738	3.0113	1.826	3.5203	2.044	0.9422	0.8755	1.8374	1.9237	0	OK
1.7562	1.0619	3.6996	3.0718	1.9123	3.7232	2.0249	0.8781	0.8653	1.8702	1.9744	0	OK
1.8592	1.0306	3.6486	2.8574	1.8476	3.7543	1.9471	0.9275	0.8701	1.8759	1.9249	0	OK
1.7576	0.9932	3.4812	3.1037	1.7656	3.1642	1.9344	0.8881	0.7826	1.7371	1.8258	0	OK
1.7923	0.9977	3.6418	3.2202	1.8539	3.3795	2.0885	0.9126	0.8145	1.7837	1.8948	0	OK
1.8077	1.0197	3.7049	3.2165	1.8302	3.5038	2.1549	0.9144	0.7915	1.8098	1.9173	0	OK
1.8428	1.02	3.7666	2.8837	1.9325	3.7933	1.8676	0.9276	0.8913	1.9343	1.9242	0	OK
1.9065	1.0293	3.7471	2.9293	1.9114	3.8447	1.9937	0.9376	0.88	1.8742	1.9569	0	OK
1.7595	1.0356	3.5251	2.841	1.7783	3.3922	1.9123	0.8562	0.8802	1.7253	1.8047	0	OK
1.826	1.0566	3.6704	3.0148	1.8356	3.6348	2.0171	0.9361	0.8841	1.8243	1.859	0	OK
1.9361	0.9904	4.0097	3.3562	1.9783	3.8427	2.1503	0.9873	1.0277	2.0098	1.9489	0	OK
1.9633	1.048	4.057	3.3459	2.0245	3.8618	2.0394	0.9851	0.9934	2.0413	1.9919	0	OK
1.9622	1.0352	4.1301	3.4066	2.0173	3.8751	2.1522	0.9872	0.9965	2.0368	1.9827	0	OK
1.9405	1.0501	4.0822	3.5133	2.0582	3.8702	2.1814	0.9794	0.923	2.0298	1.963	0	OK
1.9886	0.9979	4.0133	3.2682	1.9928	3.8644	2.1335	0.9923	0.9924	2.0317	2.0079	0	OK
1.9131	1.0723	3.8128	3.1884	1.8862	3.6372	2.1045	0.9386	0.9568	1.8841	1.8765	0	OK
1.8956	1.0203	3.8208	2.9655	1.943	3.5186	2.0354	0.9461	0.9117	1.8428	1.9061	0	OK
1.8934	1.0375	3.7444	3.1206	1.8158	3.5615	2.0163	0.9355	0.9068	1.8425	1.8493	0	OK
1.8888	1.0497	3.8433	3.2982	1.8642	3.5518	2.0198	0.9067	0.9444	1.8963	1.9096	0	OK
1.8614	0.998	3.6961	3.0841	1.8485	3.619	1.9811	0.905	0.8566	1.8902	1.8777	0	OK
1.9205	1.083	3.8226	3.2456	1.9123	3.5847	2.1561	0.9587	1.0038	1.9307	1.9236	0	OK
1.88	1.006	3.9261	2.9431	1.9416	3.7073	1.9466	0.9224	0.9563	1.9196	1.904	0	OK
1.9426	0.9103	4.0458	3.0258	1.994	3.9323	1.9628	1.0598	1.0159	2.0509	1.9758	0	OK
1.9906	1.0568	4.0387	3.2796	2.029	3.9007	2.1259	0.9926	0.9488	2.0388	1.9537	0	OK
1.9845	1.0743	4.0778	3.3502	2.0323	3.796	2.1842	1.0238	0.9826	2.062	1.9764	0	OK
1.9285	1.0119	3.9071	3.2723	1.996	3.7754	2.0942	1.0007	0.8214	1.9807	1.9476	0	OK
1.974	0.9827	3.9466	3.1525	2.0657	3.8065	2.0566	1.0147	1.0705	1.991	1.9865	0	OK
1.9992	1.0321	4.11	3.1294	2.0809	3.8748	2.1517	1.0153	0.9965	2.037	2.012	0	OK
1.9296	1.0447	3.9608	3.2115	2.0343	3.8751	2.2497	1.0039	1.05	2	2.001	0	OK
1.9883	1.0272	4.002	3.1179	2.0396	3.8986	2.0949	0.9947	0.9438	1.9912	1.9684	0	OK
1.9518	1.0254	4.0249	3.1518	1.9871	3.7683	2.0464	0.9392	1.0434	2.0284	1.9678	0	OK
1.95	1.043	4.0004	3.296	1.9798	3.8857	2.1666	0.9791	0.83	2.0128	1.9703	0	OK
1.9691	0.9136	4.0545	3.2086	1.989	3.8169	2.1346	1.0067	0.918	1.9793	1.9636	0	OK
1.9498	1.0197	3.9113	3.1132	2.0056	3.87	2.1074	0.9943	0.9282	2.3045	2.0306	0	OK
2.0254	1.0256	4.09	3.0855	2.0115	3.9414	2.0861	1.03	0.9748	2.0266	1.9315	0	OK
1.9081	1.0301	3.9671	3.113	1.9886	3.792	2.1735	0.9723	0.9579	1.9978	1.9825	0	OK
1.9579	1.0552	3.9905	3.3308	2.0217	3.7342	2.1817	0.9609	0.953	2.0142	1.9823	0	OK
1.9588	1.0463	4.0207	3.2436	2.0252	3.8576	2.1556	0.9897	0.9287	2.0237	2.0348	0	OK
2.0013	1.0279	4.0429	3.0749	2.0469	3.9097	2.0905	1.0322	0.9786	2.0232	1.9733	0	OK
1.8342	1.0232	3.6994	3.1543	1.866	3.6382	1.9244	0.8865	0.8604	1.898	1.8662	0	OK
1.8654	1.0468	3.8326	2.9506	1.9031	3.6646	1.9725	0.9293	0.9864	1.8721	1.8765	0	OK
1.9367	1.0474	3.8432	3.2492	1.8975	3.5524	2.0938	0.9257	0.955	1.8904	1.9033	0	OK
1.871	1.008	3.8865	3.4024	1.9247	3.8344	2.1197	0.9261	0.9303	1.9461	1.9459	0	OK
1.8295	1.0027	3.7272	3.118	1.8676	3.605	1.9141	0.922	0.8611	1.8144	1.8699	0	OK
1.9921	1.0352	3.8273	2.8532	1.945	3.6762	1.9425	0.9808	0.955	1.8973	1.8887	0	OK
1.9676	1.0436	4.0142	3.1747	2.02	3.8237	2.1191	0.9697	0.9462	2.0143	1.943	0	OK
1.9231	1.0311	3.923	2.897	1.9498	3.776	1.9882	0.9717	0.9737	1.9519	1.9282	0	OK
1.9937	1.0095	4.1246	3.0047	1.9758	3.9413	1.9774	1.0161	1.0168	2.0409	1.9679	0	OK
2.0474	1.0377	4.1936	3.1443	2.0829	4.0029	2.1187	1.0238	0.995	2.0756	2.0233	0	OK
1.9147	0.9748	3.9852	3.273	1.9895	3.7681	2.052	0.9722	0.8666	1.9674	1.9147	0	OK
1.979	1.0208	4.0086	3.1601	2.0167	3.9493	2.0658	0.988	0.9444	2.0201	1.9574	0	OK
2.0342	0.9888	4.1362	3.1024	2.0565	3.9853	2.0399	1.0206	0.9574	2.0396	1.997	0	OK
1.9161	1.0219	4.0108	3.3114	1.9399	3.9083	2.1174	0.9615	0.8874	1.9704	1.9765	0	OK
1.6023	0.9799	3.9488	3.0168	2.0183	3.8014	1.936	0.9969	1.0144	2.0023	1.9791	0	OK
1.9187	0.9951	3.9618	3.3184	1.9929	3.7729	2.1292	0.9556	0.9744	1.9867	1.9705	0	OK
1.879	1.0203	3.7874	2.9816	1.8955	3.6007	1.9331	0.9239	1.0067	1.8938	1.8744	0	OK
1.8784	1.0062	3.7217	2.9499	1.8538	3.5225	2.1823	0.975	0.8935	1.8217	1.8886	0	OK
1.9506	1.0164	3.8307	2.8663	1.9167	3.6505	1.8781	0.9961	0.9623	1.9174	1.9	0	OK
1.8905	1.0158	3.8058	3.1088	1.8927	3.67	2.0493	0.9128	0.9449	1.891	1.9216	0	OK
1.9434	1.0145	4.0013	3.1891	1.9867	3.8686	2.0544	0.9724	0.9447	2.0076	1.9558	0	OK
2.022	1.005	4.0768	3.0703	2.0174	3.8173	2.0147	0.9796	0.9965	2.0389	1.9767	0	OK
2.0378	1.0129	4.1896	3.1113	2.0842	3.8714	2.1034	1.0244	0.9602	2.0815	1.9786	0	OK
1.9466	0.9689	4.0489	3.1757	2.0275	3.941	2.0389	0.9772	0.9856	2.036	2.0119	0	OK
1.9666	1.0176	3.9668	3.1258	2.0242	3.8555	2.0644	1.0155	0.8133	2.0262	1.9567	0	OK
1.9713	1.0657	4.1209	3.3803	2.042	3.9913	2.1331	0.9632	1.0017	2.0531	2.004	0	OK
2.0395	1.0386	4.1469	3.1394	2.0326	3.9882	2.1124	0.9963	1.0018	2.1062	2.0244	0	OK
1.9614	1.0762	4.0469	3.3627	2.0042	3.8483	2.1774	1.0151	0.893	2.0514	1.9266	0	OK
2.0102	1.0419	4.099	3.0892	2.0826	3.8938	2.1047	1.0208	0.9515	2.0357	1.9697	0	OK
1.9426	0.9887	3.9811	3.0938	1.9931	3.9061	2.043	0.9746	0.9423	2.021	1.9683	0	OK
1.9599	1.0101	4.0543	3.2262	2.0022	3.919	2.0254	0.9521	0.987	2.005	1.9671	0	OK
1.9766	1.0037	4.1064	3.0878	2.0086	3.8293	1.9704	1.0294	1.0397	2.044	1.9659	0	OK
1.9384	1.0132	3.9208	3.1672	1.9654	3.8507	2.0931	1.0136	1.1068	2.0119	2.024	0	OK
1.9476	1.0299	4.0315	3.2499	2.011	3.9469	2.1147	0.9553	0.932	2.0057	1.9443	0	OK
1.9635	0.9898	4.0077	3.2164	2.0298	3.8179	2.032	0.9296	0.9766	1.9815	1.9333	0	OK
1.9792	0.9759	4.0999	3.1	1.9689	3.9209	2.041	1.0271	1.0091	2.0471	1.9777	0	OK
1.9879	0.9942	4.0412	3.0658	1.9715	3.9111	1.984	1.0415	0.9769	2.0437	1.9909	0	OK
1.9827	1.0174	4.068	3.1795	2.0268	3.947	2.0574	0.9784	1.0035	2.0536	2.0071	0	OK
2.0591	1.0362	4.1019	3.1178	2.0678	3.9592	2.058	1.0284	0.9917	2.0532	1.9746	0	OK
1.956	1.0111	4.0389	3.143	2.0485	3.9186	2.0042	0.9984	0.971	2.0339	2.0151	0	OK
2.0251	1.0967	4.0576	3.3013	2.054	3.8884	2.1433	1.0246	0.9498	2.052	1.9614	0	OK
1.9949	0.9612	4.0472	3.1052	2.0814	3.9564	1.9576	1.0156	0.9659	2.0455	1.9855	0	OK
1.9731	1.0079	3.9653	3.1626	2.0009	3.7768	2.1333	1.0052	1.0055	1.9831	1.9379	0	OK
1.9547	1.0596	3.972	3.2616	1.9775	3.8155	2.0762	0.9668	0.9871	1.996	1.9143	0	OK
1.8411	1.0278	3.7236	3.0585	1.8964	3.5432	1.9767	0.9254	0.8565	1.8566	1.8419	0	OK
1.9415	0.9955	3.8179	3.1395	1.8654	3.6319	2.0672	0.8991	0.8747	1.896	1.8996	0	OK
1.9436	1.0151	3.7657	2.7877	1.8467	3.7152	1.9935	0.9352	0.951	1.8957	1.8575	0	OK
1.9146	1.0252	3.8288	3.1862	1.9052	3.7608	2.0531	0.9638	0.8952	1.9028	1.8643	0	OK
1.9548	0.9591	3.8356	3.0123	1.8894	3.6716	1.9422	0.9562	0.9142	1.8983	1.9218	0	OK
1.8556	0.958	3.7766	3.077	1.8996	3.5288	1.9664	0.9223	0.9381	1.9125	1.9199	0	OK
1.8529	0.9559	3.7153	2.9923	1.8892	3.5892	1.8799	0.9174	0.8385	1.8204	1.8795	0	OK
1.8103	0.9604	3.7564	3.2172	1.9089	3.5418	2.0389	0.9096	0.8382	1.8795	1.832	0	OK
1.8715	0.9686	3.7786	3.2091	1.9105	3.6587	2.0156	0.9318	0.8929	1.8914	1.908	0	OK
1.9841	0.9803	3.8966	2.8708	1.9789	3.6715	1.8941	1.0042	1.0702	1.9777	1.8691	0	OK
1.9284	0.9483	3.9049	2.8594	1.929	3.6938	1.9138	0.9835	0.9608	1.9337	1.844	0	OK
1.8093	0.9762	3.7986	3.2957	1.8753	3.528	2.0842	0.8931	0.8236	1.8578	1.8519	0	OK
1.9279	1.0461	3.9805	3.249	1.9384	3.8378	2.1483	0.9569	0.9572	1.948	1.9653	0	OK
1.8617	0.9481	3.9037	3.3694	1.9785	3.8052	2.0276	0.9542	0.7732	2.0397	1.9237	0	OK
1.9215	0.9556	3.7853	2.8582	1.8663	3.6781	1.9478	0.9515	0.9594	1.8844	1.8828	0	OK
1.9446	0.9373	3.8688	3.4572	1.8953	3.5527	2.2682	0.9566	0.9266	1.8183	1.9095	0	OK
1.8392	0.9946	3.8135	3.201	1.851	3.5741	2.02	0.9298	0.8701	1.9056	1.8156	0	OK
1.9908	0.967	3.8858	2.9063	1.9375	3.6356	1.9569	0.9546	0.972	1.9199	1.88	0	OK
1.9081	1.0094	3.8511	3.3252	1.9313	3.6939	2.0205	0.9117	0.8812	1.9204	1.8822	0	OK
1.8717	0.9729	3.8987	3.2368	1.9282	3.6085	2.0449	0.9497	0.8512	1.8824	1.9025	0	OK
1.922	0.9408	3.8018	3.0287	1.9792	3.7481	2.0199	0.9705	0.9786	1.9202	1.8749	0	OK
1.9502	0.9976	3.9633	3.3136	1.9395	3.7192	2.1026	0.9411	0.9576	1.9671	1.9508	0	OK
1.8631	0.981	3.7212	3.188	1.8347	3.5924	2.0265	0.9622	0.8844	1.8599	1.8575	0	OK
1.8237	0.9641	3.7053	3.1076	1.8954	3.5734	2.0583	0.9366	0.8194	1.8505	1.9023	0	OK
1.8639	0.9621	3.7321	3.3439	1.8636	3.4423	2.0761	0.9447	0.8235	1.8665	1.8674	0	OK
1.8881	0.9681	3.8031	3.1784	1.9258	3.6286	1.9983	0.9324	0.8876	1.8891	1.8753	0	OK
1.8732	0.9766	3.7883	3.2069	1.908	3.5708	1.998	0.8745	0.8588	1.8629	1.9134	0	OK
1.9051	0.9889	3.8688	3.1561	1.8659	3.5793	2.0427	0.9317	0.8615	1.8573	1.8856	0	OK
1.845	0.9814	3.8158	3.1979	1.8768	3.6307	2.0877	0.9763	0.866	1.8947	1.8043	0	OK
1.9535	0.9353	4.1374	3.3746	2.0607	3.795	2.2572	0.9826	1.0323	2.0914	1.9915	0	OK
1.8438	0.967	3.8324	3.605	1.8886	3.6614	2.256	0.6344	0.8928	1.8976	1.9177	0	OK
1.8986	0.9823	3.7729	3.162	1.9403	3.5526	2.0803	0.9015	0.8492	1.8881	1.9006	0	OK
1.9072	0.9895	3.8106	3.2869	1.9049	3.6226	2.0627	0.9053	0.9625	1.9086	1.85	0	OK
1.8599	0.9951	3.8589	3.3126	1.927	3.6295	2.0887	0.9313	0.8819	1.906	1.8774	0	OK
1.9002	0.9954	3.7895	3.3536	1.9107	3.4883	2.1574	0.9065	0.9067	1.8934	1.8561	0	OK
1.8527	0.9604	3.8132	3.0949	1.8684	3.6021	1.9674	0.9241	0.8742	1.8864	1.87	0	OK
1.8201	0.9706	3.801	3.3308	1.8682	3.5545	2.0859	0.9019	0.8102	1.8647	1.8712	0	OK
1.9085	0.9964	3.8201	3.1948	1.9227	3.6783	2.0901	0.9327	0.9619	1.9552	1.9052	0	OK
1.8382	0.9753	3.8408	3.1432	1.8987	3.6266	2.0551	0.9062	0.7753	1.8852	1.8731	0	OK
1.8659	0.9965	3.7106	3.207	1.8674	3.5641	2.0222	0.9152	0.8898	1.8885	1.8951	0	OK
1.9121	0.9861	3.7274	3.2371	1.8451	3.6101	2.1172	0.9103	0.9263	1.8828	1.9082	0	OK
1.9689	0.9653	3.8223	2.9471	1.947	3.6731	1.9126	0.9556	1.0103	1.9122	1.897	0	OK
1.9605	0.9739	3.8837	2.871	1.9043	3.6725	1.8852	0.9591	0.97	1.8962	1.8641	0	OK
1.8419	0.973	3.8258	3.2326	1.8533	3.4939	2.0118	0.9513	0.8284	1.8882	1.88	0	OK
1.9357	0.9652	3.8533	2.8805	1.9583	3.7072	1.9142	0.9682	0.997	1.9179	1.8613	0	OK
1.9441	0.9551	3.8468	2.864	1.9057	3.6215	1.8617	0.944	0.9877	1.9245	1.8404	0	OK
1.9392	0.9723	3.884	2.9406	1.9085	3.6527	1.9459	0.9596	0.9381	1.9233	1.8914	0	OK
1.9394	0.944	3.8803	2.8631	1.8997	3.6478	1.8718	0.962	0.9756	1.8917	1.8499	0	OK
1.8865	0.9805	3.8064	3.2294	1.9099	3.6664	2.0956	0.9338	0.8523	1.9207	1.8739	0	OK
1.9958	0.9571	3.8784	2.8947	1.9269	3.676	1.8786	0.9741	0.9852	1.9257	1.8562	0	OK
1.8914	0.977	3.7608	3.1387	1.8548	3.5742	2.0259	0.9249	0.9356	1.8534	1.8569	0	OK
1.8764	0.9644	3.7233	3.2372	1.8597	3.5279	2.0153	0.928	0.9009	1.8465	1.8548	0	OK
1.8552	0.9869	3.8506	3.2108	1.9369	3.7044	2.0095	0.9352	0.8188	1.9274	1.84	0	OK
1.916	1.0196	3.8711	3.2165	1.9077	3.6755	2.1125	0.9366	0.8655	1.9147	1.898	0	OK
1.9768	1.0079	3.932	2.9512	1.9139	3.6378	1.9339	1.5029	0.9879	1.9687	1.898	0	OK
1.9498	0.9528	3.884	2.8809	1.8976	3.6939	1.8858	0.9263	0.9581	1.8996	1.8954	0	OK
1.9079	0.9802	3.8048	2.8456	1.8795	3.6664	1.9138	1.5108	0.8623	1.9021	1.8294	0	OK
2.0092	0.9097	4.0116	3.616	2.0481	3.8454	2.0567	0.9972	0.9723	2.0251	2.0298	0	OK
1.9767	0.9153	4.0473	3.1199	2.0727	3.9577	2.0288	1.0203	0.9316	2.043	1.9466	0	OK
1.8973	0.989	4.0387	3.2748	2.0687	3.8131	2.0927	0.9739	0.8982	1.9965	1.9054	0	OK
1.9582	0.959	3.8734	2.9289	1.943	3.7015	1.9237	0.9362	0.8952	1.9439	1.8478	0	OK
1.9218	0.9952	3.8382	3.1348	1.9013	3.6823	2.0233	0.9296	0.9474	1.9332	1.9028	0	OK
1.8232	0.9726	3.7464	3.1912	1.8279	3.4239	1.9839	0.888	0.9114	1.8433	1.8244	0	OK
1.9331	0.9452	3.8405	2.8266	1.8914	3.6173	1.8778	0.9511	0.9208	1.9145	1.8105	0	OK
1.975	0.964	3.9236	2.9047	1.9445	3.7062	1.8667	0.9638	1.0244	1.9603	1.8642	0	OK
1.8732	0.9861	3.7967	3.1428	1.9058	3.6074	2.1077	0.9293	0.9424	1.8853	1.861	0	OK
1.7958	0.968	3.7817	3.3282	1.7986	3.4361	2.101	0.8988	0.8731	1.826	1.8069	0	OK
1.8912	0.9823	3.8857	3.0243	1.8831	3.6812	2.0661	0.9262	0.8388	1.8652	1.9071	0	OK
1.9013	0.9816	3.6562	3.1098	1.847	3.526	2.0111	0.9259	0.8122	1.8343	1.8646	0	OK
1.9041	0.9817	3.8173	2.9654	1.9418	3.7243	2.0413	1.5496	0.9439	1.8558	1.8553	0	OK
1.8458	0.9625	3.7049	3.1871	1.8627	3.4607	2.0492	0.8702	0.7409	1.7977	1.8537	0	OK
1.9445	0.9657	3.8604	2.9513	1.9208	3.6604	2.0334	0.9289	0.9652	1.859	1.8906	0	OK
1.9233	0.9903	3.9433	2.9094	1.9516	3.8031	1.8768	0.9593	0.9302	1.9534	1.8882	0	OK
1.8794	1.0079	4.0474	3.59	2.0161	3.8215	2.3919	0.9619	0.888	2.3208	1.9948	0	OK
1.8019	0.9934	3.7512	3.1445	1.8512	3.5255	2.046	0.9148	0.8733	1.8626	1.9146	0	OK
2.0088	0.9657	4.0187	2.9865	2.0096	3.8097	1.8888	1.0108	0.9701	1.9956	1.9074	0	OK
1.9541	1.0933	4.0557	3.396	2.0221	3.8741	2.2645	0.9843	0.9839	2.0144	1.9701	0	OK
1.9458	0.9622	3.8677	2.9071	1.8987	3.7014	1.8951	0.9696	0.9372	1.9294	1.8742	0	OK
1.9846	0.9463	3.8582	2.9009	1.9203	3.706	1.9562	1.002	0.9643	1.9246	1.9167	0	OK
2.0631	0.9966	3.9996	3.0423	2.0349	3.986	2.0798	0.9576	0.904	2.0044	1.9771	0	OK
1.9562	0.9656	3.8559	2.9249	1.9159	3.7256	1.9751	0.9792	0.9538	1.9418	1.9086	0	OK
2.0015	0.9898	3.9456	2.9746	1.992	3.7659	2.1031	0.9621	0.9113	1.9537	1.9096	0	OK
1.9778	0.9748	3.9367	2.9578	1.9082	3.7537	1.9364	0.9699	0.9783	1.9392	1.9138	0	OK
2.0085	1.0396	4.0936	3.1125	2.0409	3.725	2.0836	0.9982	0.9539	2.0262	2.0256	0	OK
2.0018	1.0205	4.1012	3.083	2.046	3.9429	2.0788	0.992	0.96	2.0492	2.0288	0	OK
1.9971	0.9998	4.1029	3.2173	2.0276	3.8822	2.0454	1.0026	1.0198	2.0671	1.9827	0	OK
1.9368	0.9975	3.9497	2.9533	1.956	3.7798	1.9794	1.501	0.9048	1.9682	1.907	0	OK
1.9615	0.9784	3.926	2.9801	1.9713	3.7165	1.971	0.9748	0.9317	1.9692	1.9041	0	OK
2.0318	1.0207	4.091	3.0926	2.0287	4.0028	2.0542	0.9894	1.0181	2.0565	2.002	0	OK
1.9328	0.9823	3.9438	3.0905	1.9095	3.7876	2.0919	0.9679	1.0124	1.9178	1.8953	0	OK
1.9852	1.0084	3.9261	2.8972	1.9267	3.7197	1.9654	1.4837	0.9035	1.9287	1.8502	0	OK
1.9296	0.9828	3.9628	3.2415	1.9803	3.7643	2.1445	0.9611	0.9136	1.9815	1.9469	0	OK
1.9253	0.9721	3.9764	3.3467	1.9968	3.758	2.1534	0.9854	0.9126	2.0224	1.9917	0	OK
1.971	0.9954	4.1177	3.1316	2.0867	3.8176	2.1861	1.0016	1.0366	2.0362	2.0061	0	OK
2.0307	0.8948	4.0184	3.0995	2.0306	3.8186	1.9581	1.0175	0.9745	2.0339	1.9745	0	OK
1.956	0.9581	3.8874	2.862	1.9444	3.6159	1.9306	0.9628	0.9662	1.9223	1.8757	0	OK
1.843	0.9727	3.6871	3.3869	1.8173	3.4108	2.2406	0.9147	0.9208	1.8256	1.8618	0	OK
1.9026	0.986	3.827	2.8577	1.9312	3.6735	1.9878	1.4964	0.9329	1.9202	1.9076	0	OK
1.9146	0.9634	3.812	2.7978	1.8692	3.6216	1.9065	1.4801	0.9399	1.9252	1.8264	0	OK
1.8859	0.9777	3.8851	3.057	1.9515	3.7911	2.0455	0.9343	0.9903	2.009	2.0365	0	OK
1.8939	0.9843	3.974	3.4572	1.973	3.7772	2.0804	0.9437	0.8562	1.9975	1.9469	0	OK
1.9159	0.9708	3.974	3.0535	1.9652	3.8301	2.1054	0.9431	0.9677	1.9948	1.9731	0	OK
1.906	0.9753	3.7427	3.2064	1.9022	3.6077	2.2003	0.9373	0.8754	1.8373	1.998	0	OK
1.8872	0.987	3.874	3.2042	1.9035	3.8223	2.0863	0.9437	0.9372	1.8726	1.9097	0	OK
1.8499	1.006	3.8814	3.3065	1.9168	3.7491	2.2324	0.9422	0.9335	1.9088	1.9571	0	OK
1.876	1.0041	3.8254	3.2214	1.8596	3.7328	2.1976	0.9413	1.0127	1.8494	1.8592	0	OK
1.8044	0.9783	3.6805	3.2826	1.8355	3.6788	2.1782	0.9408	0.8338	1.799	1.8935	0	OK
1.923	1.0445	3.8525	3.2393	1.8625	3.6333	2.1741	0.955	0.8809	1.8705	1.9245	0	OK
1.845	0.9844	3.8021	3.1931	1.8957	3.7552	2.1804	0.9707	0.9689	1.87	1.9005	0	OK
1.8797	1.0271	3.871	3.4166	1.9136	3.7762	2.3111	0.9877	0.9529	1.8479	1.9535	0	OK
1.9092	1.0141	3.7994	3.333	1.8635	3.6799	2.1514	0.9466	0.8967	1.8527	1.9047	0	OK
1.8752	1.0034	3.9386	3.2916	1.9219	3.8747	2.2784	0.9316	0.8769	1.8902	1.8896	0	OK
1.8858	1.0363	3.7999	3.2079	1.9082	3.7391	2.1392	0.9282	0.9803	1.8838	1.9206	0	OK
1.855	1.0608	3.8414	3.3512	1.8805	3.6619	2.2457	0.9775	0.8596	1.8667	1.9148	0	OK
1.8059	0.9578	3.6173	3.103	1.8149	3.6757	2.0668	0.9085	0.922	1.7829	1.782	0	OK
1.8376	1.004	3.8231	3.3038	1.8641	3.8376	2.2161	0.9694	0.8679	1.8662	1.9561	0	OK
1.8805	1.0282	3.7767	3.2364	1.8764	3.6881	2.1581	0.9113	0.9255	1.884	1.9205	0	OK
1.8717	1.0362	3.7549	3.2231	1.8884	3.74	2.1632	0.9631	0.9285	1.859	1.9067	0	OK
1.8448	1.0376	3.779	3.3127	1.9496	3.631	2.2936	0.9732	0.8337	1.9003	1.9568	0	OK
1.9211	1.0455	3.9506	3.2458	2.0081	3.7219	2.1946	0.9877	1.0276	1.9401	1.932	0	OK
1.8419	1.0215	3.852	3.2089	1.8763	3.6677	2.1909	0.9066	0.8419	1.8682	1.966	0	OK
1.8773	0.9655	3.9127	3.2192	1.8968	3.7668	2.1635	0.9616	0.9611	1.8439	1.9638	0	OK
1.9089	1.0092	3.9292	3.1665	1.9485	3.6031	2.1873	0.9734	0.8617	1.9347	1.8746	0	OK
1.8239	1.03	3.7866	3.2806	1.9396	3.625	2.1818	0.985	1.0342	1.8928	1.9074	0	OK
1.8662	1.0169	3.7531	3.2816	1.8819	3.546	2.3044	0.934	0.818	1.8272	1.9037	0	OK
1.8152	1.0229	3.7025	3.1912	1.8184	3.5296	2.0965	0.9046	0.9106	1.8023	1.9053	0	OK
1.8908	1.0251	3.8317	3.2847	1.8913	3.6871	2.2037	0.9075	0.9738	1.8994	1.9684	0	OK
1.8677	1.0039	3.8101	3.2763	1.8991	3.6712	2.2275	0.9369	0.8974	1.8827	1.9373	0	OK
1.8994	1.0195	3.8611	3.1186	1.8934	3.5942	2.0759	0.9522	0.9835	1.9153	1.8535	0	OK
1.8293	0.995	3.7782	3.2052	1.8622	3.7314	2.1522	0.9343	0.9259	1.8492	1.9002	0	OK
1.8772	1.0479	3.8408	3.3208	1.8805	3.7157	2.2436	0.9337	0.8962	1.868	1.9085	0	OK
1.8844	0.9988	3.8183	3.3061	1.8698	3.7401	2.1077	0.9446	0.9509	1.8763	1.9103	0	OK
1.905	1.0556	3.8792	3.2721	1.9793	4.0101	2.2885	0.9591	0.8317	1.8852	2.0116	0	OK
1.8682	0.9672	3.7365	3.1992	1.8782	3.7154	2.2131	0.8908	0.9317	1.8242	2.0106	0	OK
1.8613	1.0088	3.835	3.3257	1.8975	3.7385	2.2856	0.9319	0.8141	1.8716	2.0438	0	OK
1.8651	0.9904	3.8287	3.3572	1.9089	3.6044	2.3169	0.9205	0.8227	1.8658	2.032	0	OK
1.8837	0.9975	3.7816	3.255	1.8944	3.6407	2.1615	0.9455	0.8133	1.8541	2.0222	0	OK
1.8726	0.9883	3.7313	3.2936	1.8731	3.5408	2.3034	0.8916	0.7366	1.8306	2.0069	0	OK
1.9778	1.06	4.0113	3.2978	1.9689	3.7917	2.1278	0.9525	0.9131	2.0174	1.9815	0	OK
1.9831	1.0035	3.9195	2.831	1.9881	3.6661	1.8549	0.9781	0.9647	1.9629	1.875	0	OK
1.9557	0.9992	3.8501	2.8403	1.9333	3.6365	1.9192	1.0235	0.8774	1.9069	1.868	0	OK
1.8009	0.9076	3.5906	2.8382	1.8015	3.3434	1.8567	0.8883	0.9045	1.7845	1.7798	0	OK
1.834	0.982	3.8656	3.3115	1.943	3.7484	2.2579	0.9126	0.8266	1.9101	2.0155	0	OK
2.0216	1.0228	4.0134	2.9724	2.0217	4.1468	2.0149	0.9962	1.0146	2.0305	1.9673	0	OK
1.8964	0.9953	4.0153	3.4411	1.9631	3.8191	2.1437	0.9249	0.9091	1.9919	1.9624	0	OK
1.9334	1.0841	3.92	3.3661	1.9364	3.7319	2.1507	0.9639	0.929	1.9385	1.8903	0	OK
1.9654	1.0272	4.136	3.1025	1.9651	3.8898	2.0094	0.9515	0.9466	2.0212	1.9226	0	OK
1.9432	1.076	4.006	3.3109	2.0194	4.2064	2.17	0.9691	0.9297	2.0394	1.995	0	OK
1.9337	1.0843	3.8662	3.2522	1.9014	3.8529	2.1556	0.9193	0.9534	1.9151	1.922	0	OK
1.8644	0.9819	3.7558	3.3914	1.8744	3.4746	2.2768	0.9384	0.7869	1.8118	1.8812	0	OK
1.8567	0.9935	3.9465	3.6496	1.9459	3.6703	2.204	0.9339	0.8926	1.9486	1.9049	0	OK
1.8736	1.0322	3.8579	3.2525	1.8687	3.6591	2.1302	0.9412	0.9022	1.9536	1.9458	0	OK
1.9887	1.0536	3.9291	3.284	1.915	3.8906	2.0364	0.9612	0.9283	1.9705	1.8526	0	OK
1.8184	0.973	3.843	2.9091	1.8363	3.5052	2.0307	0.8966	0.9185	1.8848	1.9038	0	OK
1.7709	1.0209	3.6417	3.4768	1.8267	3.5587	2.3651	0.9302	0.8243	1.8052	1.8883	0	OK
1.8791	0.9701	3.8668	3.0866	1.9678	3.8007	2.0641	0.952	0.9147	1.9267	1.8787	0	OK
1.8604	1.0056	3.8321	3.2033	1.8635	3.6218	1.9343	0.9418	0.8296	1.873	1.7278	0	OK
1.8184	1.0038	3.9417	3.4341	1.989	3.6756	2.3456	0.9284	0.8294	1.9001	2.1039	0	OK
2.0983	1.007	4.109	3.061	2.0723	4.0826	1.9483	1.0439	1.037	2.0814	1.9526	0	OK
2.0126	0.9944	4.1417	3.029	2.0508	4.0547	1.9301	1.041	1.0116	2.095	1.93	0	OK
1.9342	0.9668	3.904	3.047	1.9518	3.755	2.0116	0.9755	0.9406	1.9345	1.9139	0	OK
1.8685	0.9873	3.8077	3.3622	1.8911	3.7195	2.2075	0.9023	0.9217	1.8884	1.8156	0	OK
1.8599	1.0157	3.7634	3.2712	1.9247	3.6864	2.1838	0.9009	0.8988	1.8512	1.863	0	OK
1.9873	1.0086	4.0511	3.0037	2.0201	3.8935	2.015	1.0285	1.014	2.0623	2.0024	0	OK
2.0006	1.0162	4.025	3.072	2.0268	4.1439	2.0093	1.0164	0.9872	2.0564	1.9707	0	OK
2.0137	1.0315	4.0112	2.972	2.0439	4.0854	1.9769	1.0154	1.005	2.055	1.9792	0	OK
1.9426	1.0383	3.8208	3.2692	1.891	3.8506	2.0434	0.9282	0.863	1.9454	1.8135	0	OK
1.912	0.9982	4.0139	3.2978	1.9831	3.9818	2.0712	0.935	0.923	2.0257	1.7917	0	OK
1.9232	1.004	3.9442	3.3213	1.9323	3.8589	2.0831	0.9388	0.9795	1.9407	1.8386	0	OK
2.0135	0.9878	3.9775	2.9794	2.0441	3.8359	1.9932	1.018	1.0032	2.0348	1.9575	0	OK
1.8929	0.9892	3.7843	3.2472	1.9229	3.5789	2.0921	0.9456	0.8951	1.9211	1.8668	0	OK
1.9223	1.0519	3.8519	3.3047	1.9581	3.7468	2.104	0.9298	0.867	1.9103	1.9041	0	OK
1.9022	1.0116	3.7775	3.2861	1.9203	3.6879	2.1643	0.9103	0.8972	1.9399	2.0763	0	OK
1.8518	1.0238	3.783	3.2262	1.9738	3.6822	2.1745	0.9204	0.8602	1.8726	2.0204	0	OK
1.888	1.0066	3.7604	3.1783	1.9399	3.7969	2.177	0.9008	0.8962	1.9145	2.0237	0	OK
1.9041	1.0062	3.8885	3.2691	1.922	3.7748	2.1185	0.9555	1.0102	1.9204	1.9051	0	OK
1.8434	1.0002	3.7624	3.206	1.8849	3.8989	2.2061	0.9096	0.8908	1.8476	2.0296	0	OK
2.0003	1.0187	4.0331	2.9717	2.0278	4.1139	1.9975	1.0356	0.997	2.0256	1.9847	0	OK
1.8856	0.963	3.8978	3.3713	1.9352	3.6739	2.1067	0.9467	0.9553	1.9637	1.8405	0	OK
1.9985	0.965	4.0716	3.0512	2.0389	3.912	2.0174	1.0434	1.0524	2.0758	2.002	0	OK
2.0366	1.0394	4.0562	2.9758	2.018	4.2221	1.8645	1.032	1.0866	2.0246	1.9156	0	OK
1.864	1.0158	3.7981	3.3605	1.8913	3.7331	2.2072	0.9413	1.011	1.9032	1.7852	0	OK
1.9984	0.9063	4.0705	3.0612	2.0241	3.9115	2.0091	1.005	1.0243	2.0539	1.9754	0	OK
1.8768	1.0049	3.8049	3.2396	1.8926	3.5897	2.1624	0.952	0.859	1.8665	1.9013	0	OK
1.9522	0.9714	3.9532	3.167	1.9959	3.7417	2.0224	0.9458	1.0046	2.0025	2.0791	0	OK
2.0223	1.0666	3.9612	3.401	1.885	3.711	2.1129	0.9309	0.7619	1.9717	1.8312	0	OK
2.0078	1.009	4.0913	3.0024	2.0368	4.0122	1.9625	1.0536	0.962	2.0687	1.9684	0	OK
2.0288	1.0021	4.0263	3.0503	2.0303	3.9384	2.0882	1.023	0.9117	2.0462	1.995	0	OK
2.0349	1.0087	4.0586	3.0207	2.053	3.9972	1.9875	1.0363	0.9462	2.0643	1.9795	0	OK
1.9999	0.9752	4.0505	3.0119	2.0272	3.9976	1.9827	1.0083	1.0324	2.023	1.996	0	OK
1.9793	0.9934	4.0137	3.0185	2.049	3.9749	1.9656	1.0157	0.9796	2.0554	1.9842	0	OK
1.9688	1.0321	4.0131	3.2667	2.0317	3.9416	2.1578	0.9674	0.9555	2.0289	1.9678	0	OK
2.0389	1.017	4.0731	2.967	2.0675	4.0865	1.972	1.0234	0.9621	2.0334	1.9259	0	OK
1.9154	1.0488	3.8593	3.2612	2.0164	3.8199	2.3147	0.9368	0.8444	1.9059	2.0755	0	OK
1.8816	0.99	3.8413	3.0214	1.9688	3.8092	2.0868	0.95	0.9033	1.8937	1.9737	0	OK
1.852	0.9929	3.8026	3.2342	1.9128	3.5991	2.2413	0.9333	0.8014	1.9018	2.0391	0	OK
1.8414	1.0368	3.8403	3.2175	1.9598	3.8439	2.3309	0.9275	1.0115	1.8799	1.9973	0	OK
1.8213	1.0014	3.7161	3.2407	1.8952	3.6002	2.2503	0.8776	0.7781	1.8302	1.9893	0	OK
1.8184	1.0603	3.8668	3.4247	1.9483	3.6767	2.1861	0.9541	0.9541	1.9148	1.9427	0	OK
1.9949	1.0604	4.0412	3.4372	2.0412	3.9162	2.0795	0.9606	0.9649	2.0694	1.8929	0	OK
1.9736	1.0671	4.1258	3.4159	2.0297	4.1336	2.1717	0.987	0.9764	2.0955	1.9057	0	OK
1.9265	0.9813	3.9585	3.378	1.9684	3.8051	2.1264	0.9833	1.0641	1.9758	1.8467	0	OK
1.9822	0.942	3.9798	3.0925	2.021	3.6727	2.0138	0.9416	1.0455	1.9709	2.0227	0	OK
2.0472	1.035	4.1755	3.3641	2.0648	3.9593	2.1628	0.9914	0.9866	2.0799	1.905	0	OK
1.9773	0.9917	3.9735	2.9968	2.0221	4.0043	2.0576	1.0103	1.0023	2.034	1.9824	0	OK
1.8616	0.9894	3.7921	3.227	1.914	3.6866	2.2192	0.9068	0.7896	1.8559	2.0384	0	OK
1.8552	1.0214	3.8138	3.3198	1.9173	3.6299	2.1652	1.458	0.9322	1.9189	1.9123	0	OK
1.9047	1.0259	3.8942	3.1833	1.9197	3.9201	2.1306	0.9392	1.0222	1.9601	1.8786	0	OK
2.0224	0.9801	4.085	2.9877	2.1025	4.1525	1.978	1.0082	1.0572	2.0702	1.9915	0	OK
1.8686	1.0294	3.8491	3.2041	1.958	3.8935	2.2171	0.9052	0.8128	1.9254	2.0134	0	OK
1.8758	1.0023	3.828	3.215	1.9315	3.8837	2.1836	0.9111	0.8551	1.8599	1.9897	0	OK
1.7992	1.0135	3.803	3.193	1.8813	3.6471	2.2774	0.8928	0.8372	1.7833	1.9913	0	OK
1.8423	1.0431	3.8425	3.3325	1.8709	3.6389	2.1247	0.926	0.8793	1.8722	1.9067	0	OK
1.9629	1.0236	4.0484	3.3523	2.0438	4.032	2.1192	0.9955	1.0049	2.0515	1.9063	0	OK
1.9551	0.999	4.0226	3.3656	1.9793	3.8579	2.1353	0.9807	0.9875	2.0339	1.9024	0	OK
2.0086	1.0012	3.9871	3.3757	2.0047	3.9226	2.0964	0.9401	1.0258	2.0448	1.8978	0	OK
1.9406	1.0202	4.0619	3.4118	2.022	3.978	1.9926	0.9605	0.929	2.0743	1.8323	0	OK
1.9038	1.0384	3.8474	3.2914	1.8893	3.7223	2.2391	0.9297	0.9234	1.8662	1.9545	0	OK
1.8283	1.0351	3.9198	3.2011	1.8947	3.6349	2.1853	0.9432	0.8365	1.9003	1.9175	0	OK
1.862	1.0278	3.8358	3.0682	1.8939	3.7129	2.0099	0.9455	0.9	1.8682	1.8552	0	OK
1.8416	1.0367	3.6905	3.1956	1.7975	3.5327	2.3601	0.8752	0.9239	1.7836	2.0483	0	OK
1.8827	1.0399	3.7354	3.1599	1.8893	3.6459	2.1673	0.8806	0.8407	1.8748	1.9819	0	OK
1.8981	0.9814	3.8315	2.9234	1.8995	3.7353	1.9171	0.9834	0.8899	1.9087	1.8635	0	OK
1.9107	1.0546	3.9433	3.2728	1.9895	3.8391	2.2512	0.9509	0.8972	1.9434	1.9007	0	OK
1.7912	0.9106	3.6547	3.2132	1.8392	3.423	2.1773	0.8878	0.919	1.7796	1.8007	0	OK
1.9236	1.0059	3.9624	3.4423	1.9873	3.8888	2.2457	0.99	0.928	1.9611	1.8703	0	OK
1.8376	1.0427	3.8399	3.4864	1.9266	3.5956	2.2389	0.928	0.9067	1.8831	1.8623	0	OK
1.972	1.0131	3.8885	2.8922	1.9623	3.9298	1.9955	0.9893	0.927	1.9598	1.9306	0	OK
1.8985	1.0652	3.8688	3.2976	1.8899	3.8392	2.1631	0.9626	0.971	1.8695	1.8905	0	OK
1.9756	1.0064	3.8486	2.7936	1.9572	3.8589	1.8852	0.9925	0.9508	1.9294	1.8641	0	OK
1.9441	0.906	3.757	2.7828	1.9246	3.6463	1.8614	0.9752	0.9298	1.9162	1.8539	0	OK
1.861	1.031	3.8347	3.1787	1.9433	3.9229	2.2351	0.9367	0.8673	1.893	1.9944	0	OK
1.8567	1.0557	3.8087	3.1931	1.9346	3.9281	2.1847	0.9071	0.9069	1.8553	1.9823	0	OK
1.8923	1.0519	3.7641	3.2235	1.9072	3.797	2.2416	0.9	0.8707	1.8557	2.0175	0	OK
1.8862	1.0665	3.8219	3.2623	1.9401	3.8599	2.2652	0.9385	0.8372	1.8617	2.015	0	OK
1.9079	1.0791	3.8143	3.3859	1.9091	3.8815	2.2625	0.9094	0.8585	1.9206	1.8869	0	OK
1.9493	1.0499	3.9169	3.2633	1.9301	3.7747	2.1414	0.9468	0.9912	1.9399	1.7899	0	OK
1.9202	0.9982	3.9207	3.3093	1.9435	3.6153	2.0403	0.9725	0.9769	1.9136	1.8599	0	OK
1.9891	1.0292	3.9238	3.1526	1.9275	3.902	1.9049	0.9577	0.999	1.9631	1.7908	0	OK
1.9465	0.986	3.9464	3.1693	1.9209	3.702	1.9051	0.9518	0.9995	2.0044	1.7927	0	OK
1.9259	1.0287	3.8707	3.0973	1.8713	3.7504	1.9541	0.8774	0.9889	1.9054	1.7874	0	OK
1.9036	1.0479	3.9126	3.2021	1.8784	3.8154	2.0551	0.9481	0.9617	1.9499	1.824	0	OK
1.8352	0.9131	3.8369	3.167	1.8386	3.559	2.1765	0.8851	1.0009	1.8347	2.0159	0	OK
1.9251	0.989	3.7713	2.7815	1.9155	3.9284	1.8424	0.9385	1.0259	1.9176	1.8131	0	OK
2.0498	1.0019	4.0022	3.0523	2.0304	3.9346	2.0455	0.9867	1.0922	2.0449	1.9176	0	OK
1.9906	0.9705	4.0252	2.9012	1.9555	3.8014	1.9367	1.0345	1.0017	1.9815	1.8868	0	OK
1.9678	1.0185	3.9209	2.8345	1.946	3.9418	1.8849	0.9623	0.9867	1.9407	1.8559	0	OK
1.9226	1.0132	3.8392	2.9306	2.0223	3.8536	1.9839	0.9635	0.8927	1.9402	1.8156	0	OK
1.9696	1.0222	3.9857	2.8996	2.013	4.134	1.9035	0.9688	0.9504	2.0101	1.864	0	OK
1.8931	1.006	3.7741	2.9581	1.8705	3.572	1.9135	0.9083	0.9454	1.8885	1.9392	0	OK
2.01	0.9489	4.1143	3.0269	2.1068	4.0148	2.054	1.0082	1.0454	2.083	1.9996	0	OK
1.9803	1.0065	4.0637	3.0767	2.0595	3.8782	2.0564	0.9756	0.9814	2.0575	1.9756	0	OK
2.0151	1.0071	3.9904	3.1482	2.0765	3.9924	2.0657	1.0462	1.0303	2.0225	2.039	0	OK
1.7639	1.084	3.6664	3.3579	1.7753	3.4708	2.4282	0.8481	0.893	1.7308	2.1068	0	OK
1.778	0.9813	3.629	3.2529	1.7766	3.4555	2.2892	0.8604	0.8884	1.7663	2.0091	0	OK
1.792	1.0154	3.6089	2.9888	1.7428	3.4019	2.1351	0.8856	0.8814	1.7313	1.9865	0	OK
1.8953	0.9965	3.8223	3.197	1.931	3.5723	2.1821	0.9513	0.901	1.8806	1.9146	0	OK
1.9724	1.0275	3.9076	2.8499	1.9446	3.8614	2.0082	1.0111	0.9937	1.9319	1.8821	0	OK
1.9273	1.0184	3.9183	2.8755	1.9409	4.0478	1.8864	1.0009	0.9382	1.9445	1.8778	0	OK
1.9977	1.0264	3.9837	2.9079	1.9879	4.0446	1.9656	0.9755	0.9189	1.9777	1.8362	0	OK
1.9253	1.0309	3.9132	2.8633	1.937	3.7947	1.8755	0.9845	1.0527	1.8788	1.8528	0	OK
1.9844	1.0243	3.8029	2.7951	1.9366	3.7445	1.8287	0.987	0.9055	1.9119	1.8899	0	OK
1.8153	1.0139	3.5789	2.9942	1.7855	3.4777	2.0845	0.8833	0.8131	1.7227	1.9357	0	OK
1.9113	0.9899	3.9028	2.8809	1.9569	3.7199	2.032	0.9652	1.0932	1.9719	1.9453	0	OK
1.8106	1.0349	3.6425	3.3057	1.8426	3.5547	2.3376	0.9048	0.9005	1.7916	2.0285	0	OK
1.7936	1.004	3.6398	3.0855	1.7932	3.5388	2.2866	0.8955	0.8436	1.7681	1.9576	0	OK
1.9067	1.0375	3.7369	3.0416	1.8505	4.2008	2.1903	0.9128	0.8706	1.8684	1.9609	0	OK
2.0016	0.9821	3.91	2.8068	1.9574	3.7763	1.9011	0.9953	1.0625	1.966	1.8613	0	OK
1.9922	0.9748	3.8792	2.8846	1.9811	3.7787	1.8056	1.0312	0.9165	1.9343	1.8734	0	OK
1.9374	1.0803	3.9434	3.133	1.9617	3.9115	2.14	0.9256	0.956	1.9277	1.9249	0	OK
1.9502	1.0576	3.8449	3.0143	1.8946	3.9784	1.9563	0.9337	0.9482	1.9115	1.8839	0	OK
1.9619	0.9425	3.8357	2.8169	1.9085	3.7251	1.9283	0.9816	1.0059	1.9408	1.8962	0	OK
1.9003	1.0183	3.7863	2.9756	1.8869	3.8129	2.0622	0.9233	0.9449	1.8536	1.9139	0	OK
1.8683	1.0405	3.7897	3.0645	1.8954	3.7316	2.0823	0.9189	0.8635	1.8451	1.9559	0	OK
1.9256	1.08	3.9559	3.1928	1.9504	4.0177	2.1029	0.8948	0.9468	1.9535	1.9323	0	OK
1.8978	0.9985	3.8688	2.9476	1.9823	3.7724	1.9163	1.039	1.0088	1.9678	1.9039	0	OK
1.8957	1.051	3.798	3.2616	1.8863	3.9064	2.1087	0.9384	0.9677	1.9136	1.8567	0	OK
1.7429	0.989	3.4754	2.9125	1.7774	3.338	1.9107	0.9331	0.8306	1.7775	1.7774	0	OK
1.9635	1.0613	3.989	3.3674	1.9716	4.036	2.1833	0.966	0.9283	2.0442	1.9381	0	OK
2.0111	0.9071	4.0004	2.9418	2.0433	3.8879	1.9207	1.0658	1.044	2.068	1.9485	0	OK
1.9821	1.0067	3.9128	2.8796	1.9436	4.0426	1.9391	1.0143	0.9678	1.9947	1.9067	0	OK
1.9473	0.9191	3.9666	3.3693	1.9625	3.7554	2.1431	0.9626	0.9339	2.0168	1.9089	0	OK
2.0262	1.0057	3.9717	3.1556	2.0367	4.0439	2.0629	1.0007	1.1492	1.9988	1.9775	0	OK
1.9346	1.0638	3.9108	3.3618	1.9878	4.0025	2.1411	0.9429	0.9738	2.0143	1.9349	0	OK
2.0215	1.0279	4.1009	3.065	2.0555	4.196	2.0074	0.9885	1.0573	2.0729	1.9385	0	OK
1.9582	1.0426	3.9087	3.0352	1.9742	3.9725	1.9734	0.8948	0.9437	1.9491	1.8716	0	OK
1.9543	1.0368	3.9456	2.9504	1.9727	3.9889	2.0208	0.9527	1.1229	1.9495	1.8007	0	OK
1.8674	0.9418	3.7132	2.7419	1.8625	3.7637	1.8145	0.9132	0.8641	1.8799	1.7564	0	OK
1.869	1.0588	3.8593	3.1066	1.9568	3.8262	1.9991	0.9311	0.8587	1.9215	1.8353	0	OK
1.9302	0.9708	3.8142	3.103	1.8697	3.66	2.0458	0.9274	0.8153	1.9123	1.9084	0	OK
1.9087	1.054	3.9233	3.134	1.9821	3.8162	2.0616	0.9038	0.9383	1.8889	1.871	0	OK
2.0709	1.0698	3.976	2.9486	1.958	3.984	2.0005	1.0184	1.0825	2.012	1.881	0	OK
1.9351	1.0339	3.9124	3.1244	1.8744	3.9351	2.0488	0.9235	0.8754	1.9899	1.8962	0	OK
1.9305	1.0604	3.8406	3.0997	1.9723	3.7908	2.0225	0.8992	1.0039	1.9113	1.8594	0	OK
1.8903	1.0457	3.7692	3.0947	1.9136	3.8484	2.1098	0.9485	0.911	1.9003	1.8597	0	OK
1.8381	1.0337	3.7141	2.812	1.8175	3.7472	1.765	0.9688	0.9076	1.887	1.7148	0	OK
1.9554	0.9841	4.1602	3.1605	2.0151	3.837	2.0303	1.0022	0.9084	2.0443	2.0277	0	OK
1.9465	1.0033	4.057	3.1946	2.0059	4.0372	2.0517	0.9775	0.9086	2.0169	1.962	0	OK
2.0206	0.9644	4.0177	3.17	2.1058	4.0551	2.1139	1.0737	1.0115	2.0561	2.0028	0	OK
2.0014	0.9572	3.9739	3.0516	2.0003	3.798	2.0621	0.9769	1.0497	1.9283	1.9579	0	OK
1.943	0.962	3.9727	3.0739	1.9789	3.8035	2.0148	0.9775	0.9952	2.0377	1.9867	0	OK
1.9432	1.0118	4.078	3.0279	2.0367	4.0939	2.0601	0.9849	1.0149	2.0055	1.9396	0	OK
1.9597	1.074	3.9698	3.2902	1.946	3.972	2.1726	0.9685	0.9171	1.9734	1.938	0	OK
1.9491	0.968	3.8208	2.8094	1.8486	3.6485	1.7926	1.0064	0.9402	1.9155	1.8211	0	OK
2.0878	0.9684	3.8682	2.8585	1.874	3.7563	2.0197	0.9671	0.9312	1.9107	1.9887	0	OK
1.9845	1.0112	3.8535	2.8996	1.9348	3.7603	1.92	0.9982	1.013	1.9533	1.9528	0	OK
1.9419	1.03	3.8563	3.1088	1.9499	3.9269	2.1065	0.9357	0.9149	1.9183	1.8987	0	OK
2.0172	1.0221	4.1556	3.0674	2.1029	4.1202	2.034	0.9968	0.942	2.0755	1.9632	0	OK
1.9469	0.9808	4.0618	3.0694	2.0547	3.893	1.9714	0.9894	0.9576	2.0811	1.974	0	OK
2.0202	0.9883	4.0246	3.1206	2.0861	4.0285	2.0228	1.008	0.9676	2.0483	2.0455	0	OK
2.0217	0.9858	4.026	3.0647	2.0569	4.0042	1.8771	0.975	1.0122	2.1018	1.9358	0	OK
2.0357	1.0182	4.0932	2.9828	2.0658	3.985	1.8517	1.03	0.9863	2.1763	1.8982	0	OK
2.0037	0.9839	4.1082	2.9688	2.0653	3.961	1.8755	1.018	0.9894	2.1115	1.9524	0	OK
2.073	1.0167	4.1817	3.0269	2.0849	4.3336	1.8855	1.0497	1.036	2.106	1.9389	0	OK
2.004	1.0234	4.2724	3.0058	2.1717	4.3105	1.914	0.9929	0.9651	2.1435	2.0209	0	OK
1.9889	1.0531	4.0823	3.2725	2.0457	4.1083	2.1405	0.9583	0.9531	2.0583	1.883	0	OK
1.9505	1.0638	4.0149	3.331	1.9747	4.1434	2.1304	0.9432	0.9791	2.1001	1.9255	0	OK
1.9422	0.9837	4.08	2.8713	2.0373	4.055	1.7744	1.0235	1.0582	2.0973	1.914	0	OK
1.998	0.9034	4.0236	3.0482	2.026	3.7954	2.0276	0.9957	1.0333	2.0579	1.9758	0	OK
1.9665	0.9624	4.023	3.0662	2.0969	3.891	1.9576	1.0336	0.9763	2.0276	1.9794	0	OK
1.9103	1.0174	3.8534	2.9393	1.922	3.7126	1.8215	0.9799	0.903	1.9323	1.7539	0	OK
1.9551	1.0893	3.9253	3.2435	1.9279	3.7015	2.0881	0.9374	0.9467	1.9076	1.9215	0	OK
1.9264	1.053	3.8609	3.0135	1.9178	3.736	2.0149	0.9852	1.1356	1.9508	1.8975	0	OK
1.8895	1.0657	3.8141	3.151	1.8765	3.762	1.9949	0.9184	0.9091	1.8624	1.7935	0	OK
1.849	1.0601	3.674	3.0543	1.8358	3.514	1.8928	0.9223	0.9222	1.8732	1.7047	0	OK
1.89	0.9976	3.9064	3.2684	1.9199	3.5198	2.0648	0.9356	0.8891	1.9148	1.9392	0	OK
1.8792	1.06	3.9096	3.2338	1.9181	3.8896	2.1313	0.9789	0.7997	1.9439	1.8991	0	OK
1.9229	0.9984	3.8238	3.0087	1.9355	3.7662	1.9658	0.9408	0.8167	1.9465	1.8491	0	OK
1.9784	0.9751	4.0837	3.2125	2.0865	4.0927	2.0224	0.9912	0.9842	2.1238	1.9104	0	OK
2.0333	0.9907	4.0921	2.9786	2.0581	4.0413	1.8582	1.0044	1.0152	2.1264	1.966	0	OK
1.9052	0.9629	3.9183	2.9331	1.9315	3.8929	1.8962	0.986	0.9425	1.9853	1.8656	0	OK
1.9059	1.0091	3.8628	3.0994	1.9456	3.61	2.1258	1.4232	0.9167	1.9051	1.9214	0	OK
1.9728	0.9833	4.0462	3.3254	2.0336	3.8969	2.1273	0.9863	0.9652	1.9918	1.9373	0	OK
1.9792	1.0938	3.8495	3.0748	1.9343	3.8775	2.0336	0.8891	0.9296	1.9548	1.9176	0	OK
1.8242	1.0383	3.7026	2.7595	1.8571	3.7635	1.7011	1.0118	0.9197	1.9649	1.7319	0	OK
2.0586	0.987	4.1975	3.0737	2.1081	4.1884	1.9236	0.9827	1.009	2.121	1.9301	0	OK
2.0962	0.9762	4.2604	3.0732	2.1053	4.0217	1.8939	0.9808	1.0547	2.181	1.9764	0	OK
1.9475	1.0066	3.9768	3.1349	2.0457	4.0588	2.1008	1.0124	1.0473	2.0217	1.9901	0	OK
2.0067	1.0632	4.1819	3.2278	2.0936	4.2656	1.9523	1.0147	0.9361	2.1695	1.9221	0	OK
1.9536	0.9816	3.7365	3.0737	1.9525	3.7053	2.0599	0.8986	0.825	1.9019	1.892	0	OK
1.9889	1.0295	4.1386	3.2645	2.117	3.8582	1.9924	0.9576	0.9173	2.1314	1.9291	0	OK
1.9228	1.1043	3.8222	3.1838	1.8924	3.7536	2.1877	0.9019	0.915	1.91	1.9499	0	OK
1.8864	1.1119	3.7336	3.0074	1.9699	3.8776	2.1002	0.9068	0.85	1.9347	1.9243	0	OK
1.9175	0.938	3.8792	3.0015	1.9249	3.9677	1.9347	0.9223	0.9607	1.9842	1.7985	0	OK
2.8574	1.0183	3.7894	3.3133	1.8461	3.7225	2.2132	0.938	0.8188	1.8728	1.8864	0	OK
1.8213	0.9839	3.6739	3.2053	1.8404	3.7041	2.1252	0.8665	0.8543	1.8052	1.8411	0	OK
1.9137	1.0423	3.8367	3.1774	1.9605	3.8106	2.1172	0.9459	0.8846	1.9134	1.887	0	OK
1.9229	1.0376	3.9704	3.4061	1.9758	3.9555	2.2001	0.9586	0.8134	1.9779	1.914	0	OK
2.011	0.992	4.0367	3.1399	2.0646	4.1152	2.1366	0.9966	1.0411	2.0317	1.9559	0	OK
1.9175	1.0564	3.8598	3.093	1.904	3.8723	2.1674	0.9289	0.9147	1.8883	1.982	0	OK
2.0411	1.0607	3.9754	2.8786	1.9434	4.0513	1.8872	0.981	1.0381	2.0005	1.8883	0	OK
1.8877	0.9576	3.7556	2.8924	1.8982	3.7791	1.9576	0.9404	0.8913	1.8947	1.8912	0	OK
1.9039	1.0332	3.9359	3.1723	1.9484	3.8577	2.0902	0.9615	1.0244	1.9728	1.8626	0	OK
1.9538	1.0552	3.9892	3.1675	1.9016	3.7598	2.083	0.9622	1.0834	1.9579	1.8645	0	OK
1.9758	1.0032	4.0682	3.2412	1.9976	3.9429	2.1004	0.9074	0.95	2.0125	1.9378	0	OK
1.9592	1.0545	3.9326	3.1174	1.9306	3.9341	2.047	0.9361	0.9171	1.9584	1.8961	0	OK
1.9531	1.0221	3.826	3.0914	2.0403	3.7506	2.0153	0.925	0.9534	1.9291	1.8339	0	OK
1.9373	1.0375	3.9775	3.2019	2.0146	3.9411	2.0947	0.9516	0.9802	1.9806	1.8667	0	OK
2.0539	1.0241	4.14	3.0867	2.0266	4.0981	2.036	0.95	0.9746	2.0442	1.9081	0	OK
1.9547	1.0104	3.7574	2.8111	1.8996	3.6315	1.924	0.927	0.9369	1.8689	1.8479	0	OK
1.9192	1.0315	3.8693	3.01	1.9124	3.8167	1.9962	0.9836	1.0273	1.9583	1.8994	0	OK
1.9531	1.0502	3.8012	2.7709	1.8495	3.7291	1.8073	0.9648	0.8816	1.8915	1.7751	0	OK
1.8691	1.0437	3.8787	3.0384	1.8577	3.641	1.9468	0.9817	0.9002	1.8863	1.9035	0	OK
1.9456	1.0202	4.0287	2.9784	1.9886	3.9457	2.0434	0.9845	0.9972	1.9887	1.9617	0	OK
2.006	1.0315	3.9027	2.8806	1.9585	4.1909	1.7344	0.9581	1.0762	2.0151	1.8082	0	OK
1.9615	1.0031	3.9303	2.9252	1.9709	4.0501	1.9915	0.9767	1.0229	1.9257	1.8947	0	OK
1.915	1.0409	3.9169	3.1964	1.9049	3.9357	2.1108	0.8794	0.9008	1.9222	1.8488	0	OK
1.8863	1.0474	3.9556	3.1622	1.9366	3.851	2.1004	0.9387	0.9664	1.9267	1.9225	0	OK
1.9716	1.0376	4.1874	2.9462	2.0708	3.9685	1.8585	0.9873	1.0191	2.0684	1.8611	0	OK
1.9407	1.0622	4.0686	3.244	1.9473	3.7864	2.0982	0.9352	0.992	1.9501	1.951	0	OK
1.9508	1.0137	3.9662	2.9714	1.9502	3.8546	1.9851	0.9754	1.0285	1.9571	1.8948	0	OK
1.7973	1.0498	3.7432	3.1703	1.8805	3.4552	1.8873	0.9683	0.9512	1.8428	1.8424	0	OK
1.8811	1.0465	4.0472	3.3745	1.9824	3.9124	2.1988	0.9469	0.9666	2.0216	1.9162	0	OK
2.0507	1.0564	3.8384	3.2276	1.9129	3.6742	2.1845	0.9808	0.9088	1.9087	1.9325	0	OK
1.9699	1.0305	3.964	2.8494	1.9794	3.7826	1.8839	1.0188	0.9403	1.9633	1.8698	0	OK
1.9705	1.0156	3.875	2.9238	1.9927	3.8919	1.8771	0.971	1.0749	2.02	1.86	0	OK
1.8912	1.0158	3.867	3.0014	1.9399	3.5933	1.9543	0.981	0.9507	1.9621	1.8871	0	OK
1.91	1.0942	4.0169	3.1677	1.982	3.9488	1.9817	0.9684	0.8882	2.0104	1.8698	0	OK
1.9545	1.0308	4.2081	3.2349	2.7279	4.6954	2.0751	0.9525	0.8076	1.9528	1.9305	0	OK
1.8837	1.0504	3.9204	3.1487	1.9631	3.8552	1.964	0.9558	0.9314	2.0172	1.9316	0	OK
1.9378	1.0383	3.9676	3.0647	1.9306	3.8962	1.9031	0.9664	0.8541	2.0318	1.8727	0	OK
1.8938	1.029	3.9789	3.2327	1.8583	3.9143	2.0282	0.8983	0.9594	1.9479	1.8868	0	OK
1.5454	1.0324	3.2931	2.5479	1.6053	3.3844	1.6198	0.9461	0.8084	1.6624	1.5619	0	OK
1.6144	1.025	3.2794	2.3556	1.6307	3.3003	1.488	1.0133	0.8417	1.6838	1.5615	0	OK
1.5226	1.0145	3.2109	2.2797	1.6029	3.1829	1.4174	0.9987	0.8875	1.6391	1.5059	0	OK
1.983	1.047	4.1416	3.2448	2.0147	3.9884	2.1511	0.983	0.9604	2.0255	1.9762	0	OK
1.969	1.0715	3.9567	3.115	1.9876	4.0342	2.0599	0.9561	0.8876	1.9981	1.9394	0	OK
1.7934	1.0879	3.7102	3.1002	1.9004	3.6888	1.9482	0.9572	0.9156	1.9108	1.8068	0	OK
1.8146	1.0265	3.7368	2.9479	1.8425	3.7863	1.917	0.9734	0.9116	1.8916	1.83	0	OK
2.0021	1.0108	3.9482	2.9825	1.972	3.8919	1.9846	0.9714	0.9673	1.9228	1.9047	0	OK
1.9931	1.0186	3.9926	2.8275	1.9155	4.0475	1.6849	1.0032	0.9014	2.0031	1.7404	0	OK
1.8872	1.0652	3.823	3.2405	1.8942	3.5322	2.0143	0.9499	0.8815	1.8876	1.888	0	OK
1.7003	0.9931	3.4905	2.5058	1.7439	3.3913	1.6636	1.0178	0.9243	1.7672	1.6212	0	OK
1.6995	0.9968	3.5315	2.5098	1.7729	3.2624	1.5696	0.9097	1.0105	1.791	1.5289	0	OK
1.7022	0.9959	3.4203	3.1857	1.7402	3.2659	1.7368	0.8321	0.7861	1.7575	1.7247	0	OK
1.9328	0.9773	3.8809	3.0573	1.9196	3.6845	2.0022	0.9339	0.8662	2.0085	1.866	0	OK
1.9332	1.1032	3.895	2.9463	1.9558	3.7175	1.8559	0.9386	0.9702	2.0162	1.7773	0	OK
1.7021	1.0417	3.564	3.2339	1.7876	3.4206	1.9155	0.9911	0.872	1.8149	1.8718	0	OK
1.9322	1.0393	3.8186	3.0091	1.9774	3.9354	2.0899	0.9681	0.853	1.9772	1.9288	0	OK
1.6472	1.039	3.2688	2.4754	1.6766	3.3076	1.5637	0.9594	0.9426	1.6989	1.5592	0	OK
1.7841	1.0566	3.5108	2.6297	1.6868	3.5124	1.6373	0.9832	0.9927	1.755	1.5688	0	OK
1.9108	1.0276	3.9038	2.7113	1.9229	3.9693	1.7577	0.9671	1.0223	2.0455	1.8542	0	OK
1.9004	1.0259	3.71	2.6628	1.8752	3.8075	1.6672	0.954	0.8318	1.9167	1.7404	0	OK
1.7397	1.0724	3.5482	3.1894	1.7252	3.3588	1.9328	0.9697	0.9132	1.759	1.8077	0	OK
1.8328	1.003	3.8492	3.0748	1.7958	3.6356	1.9643	1.0075	1.0224	1.8807	1.8889	0	OK
1.9852	0.9948	3.8838	3.1961	1.9281	3.6441	1.9923	0.9673	0.917	1.9553	1.9264	0	OK
1.7871	1.0443	3.7624	3.695	1.708	3.294	2.1525	0.7884	0.7623	1.836	1.8692	0	OK
1.9596	0.96	4.0077	2.9667	1.9345	3.6885	1.9253	0.9978	0.9799	1.9946	1.8801	0	OK
1.9103	0.9948	4.0457	3.1062	1.9789	4.1759	1.9995	0.8966	0.9706	1.9789	1.9031	0	OK
1.8755	1.0101	3.8986	3.1657	1.9489	3.8156	2.0778	0.9303	0.8205	1.9426	1.9489	0	OK
1.9406	1.0078	3.7875	2.9405	1.8877	3.8535	2.0268	0.9139	0.8873	1.8673	1.8586	0	OK
1.9279	1.0466	3.9014	2.8431	1.8916	3.923	1.9159	0.9613	1.0648	1.9454	1.8189	0	OK
1.7961	1.0488	3.5823	3.2528	1.8032	3.4597	1.9203	0.89	0.796	1.8345	1.8375	0	OK
1.9803	1.0553	4.1002	2.8763	1.9609	4.0657	1.7346	1.0385	0.9934	2.0866	1.789	0	OK
1.9103	1.0314	3.9522	3.1211	1.9233	4.0687	2.0279	0.941	0.9135	1.9169	1.962	0	OK
1.982	1.0451	3.814	2.7016	1.9386	4.0313	1.6611	1.0043	0.8841	2.0327	1.8738	0	OK
1.8198	1.1064	3.7491	3.2995	1.8073	3.5744	1.7668	0.9206	0.8075	1.9445	1.7756	0	OK
1.7371	0.9984	3.4499	2.5996	1.7487	3.3207	1.6949	0.9706	0.9221	1.7841	1.6824	0	OK
1.7729	1.0348	3.5752	2.6891	1.7734	3.6228	1.697	0.9708	0.8641	1.8114	1.716	0	OK
1.9888	1.0587	3.9359	2.782	1.9152	3.8836	1.682	0.9588	0.8417	2.0733	1.8362	0	OK
1.903	1.0293	3.7988	2.9824	1.9391	3.7734	2.0682	0.9698	0.954	1.931	1.8748	0	OK
1.9237	1.0009	3.8923	2.9633	1.932	3.7053	2.1038	0.9657	0.9388	1.9113	1.8729	0	OK
1.9035	1.0551	3.8206	2.9861	1.9834	3.9095	2.0803	0.9923	1.0349	1.9554	1.9544	0	OK
1.8416	1.0403	3.7603	2.9691	1.8825	3.737	1.9954	0.9248	0.9385	1.8391	1.9514	0	OK
2.0381	1.0592	3.9471	3.15	1.8464	3.8942	1.9424	0.915	1.0288	2.0076	1.8663	0	OK
2.0162	1.0463	4.0397	2.9298	1.9831	4.0084	1.9492	0.9982	1.0509	1.9857	1.9411	0	OK
1.9286	1.0373	3.9476	2.8454	1.9535	3.874	1.8304	0.9872	0.952	1.9651	1.8577	0	OK
2.0018	1.0156	3.9141	2.8303	1.9416	3.915	1.8636	1.0106	0.9102	1.9425	1.8603	0	OK
1.9591	1.0377	3.8081	2.8625	1.9412	3.8598	1.9226	0.9775	0.8328	1.8926	1.8641	0	OK
1.9429	1.0451	3.8371	2.7653	1.8792	3.7805	1.9309	0.9711	0.8797	1.8987	1.8774	0	OK
2.0403	1.0303	2.1716	0.0498	1.0390	0.1133	2.4812	1.0484	0.2653	0.1236	2.0740	13	b2/b4 del
1.8638	0.9995	1.5784	0.0119	0.9296	0.0346	1.9517	1.1850	0.2360	0.0898	2.0578	13	b2/b4 del
2.1361	0.9407	2.9765	0.0366	0.8749	0.0485	1.8277	1.0668	0.3867	0.1193	2.4018	13	b2/b4 del
