##Chromosome	MAQP	Length	ReadsNums
chr1	6	7	521
chr1	6	8	611
chr1	6	9	696
chr1	6	10	745
chr1	6	11	943
chr1	6	12	952
chr1	6	13	1063
chr1	6	14	1217
chr1	6	15	1353
chr1	6	16	1451
chr1	6	17	1558
chr1	6	18	1882
chr1	6	19	2086
chr1	6	20	2450
chr1	6	21	2719
chr1	6	22	3423
chr1	6	23	3728
chr1	6	24	5228
chr1	6	25	4802
chr1	6	26	7882
chr1	6	27	9006
chr1	6	28	13384
chr1	6	29	15078
chr1	6	30	18091
chr1	6	31	22373
chr1	6	32	30862
chr1	6	33	39934
chr1	6	34	36593
chr1	6	35	32564
chr1	6	36	23608
chr1	6	37	17677
chr1	6	38	12658
chr1	6	39	8958
chr1	6	40	6750
chr1	6	41	4622
chr1	6	42	3504
chr1	6	43	2596
chr1	6	44	1786
chr1	6	45	1287
chr1	6	46	1061
chr1	6	47	843
chr1	6	48	684
chr1	6	49	620
chr1	6	50	622
chr1	6	51	650
chr1	6	52	751
chr1	6	53	853
chr1	6	54	969
chr1	6	55	1071
chr1	6	56	1221
chr1	6	57	1225
chr1	6	58	1096
chr1	6	59	872
chr1	6	60	618
chr1	6	61	444
chr1	6	62	256
chr1	6	63	173
chr1	6	64	67
chr1	6	65	25
chr1	6	66	12
chr1	6	67	3
chr1	6	68	2
chr1	6	69	2
chr1	6	71	1
chr2	6	7	481
chr2	6	8	611
chr2	6	9	742
chr2	6	10	782
chr2	6	11	917
chr2	6	12	1071
chr2	6	13	1142
chr2	6	14	1316
chr2	6	15	1386
chr2	6	16	1570
chr2	6	17	1647
chr2	6	18	2032
chr2	6	19	2137
chr2	6	20	2513
chr2	6	21	2685
chr2	6	22	3416
chr2	6	23	3675
chr2	6	24	5450
chr2	6	25	4901
chr2	6	26	8256
chr2	6	27	9338
chr2	6	28	13862
chr2	6	29	15606
chr2	6	30	19187
chr2	6	31	23299
chr2	6	32	32393
chr2	6	33	42854
chr2	6	34	38640
chr2	6	35	34406
chr2	6	36	24308
chr2	6	37	18676
chr2	6	38	13626
chr2	6	39	9630
chr2	6	40	7373
chr2	6	41	5021
chr2	6	42	3824
chr2	6	43	2584
chr2	6	44	2067
chr2	6	45	1378
chr2	6	46	1051
chr2	6	47	776
chr2	6	48	687
chr2	6	49	625
chr2	6	50	577
chr2	6	51	615
chr2	6	52	672
chr2	6	53	829
chr2	6	54	941
chr2	6	55	1050
chr2	6	56	1169
chr2	6	57	1164
chr2	6	58	990
chr2	6	59	845
chr2	6	60	631
chr2	6	61	433
chr2	6	62	269
chr2	6	63	113
chr2	6	64	63
chr2	6	65	21
chr2	6	66	8
chr2	6	67	6
chr2	6	68	2
chr2	6	70	1
chr3	6	7	405
chr3	6	8	490
chr3	6	9	550
chr3	6	10	591
chr3	6	11	706
chr3	6	12	822
chr3	6	13	880
chr3	6	14	1007
chr3	6	15	1119
chr3	6	16	1233
chr3	6	17	1336
chr3	6	18	1616
chr3	6	19	1742
chr3	6	20	2046
chr3	6	21	2206
chr3	6	22	2691
chr3	6	23	3079
chr3	6	24	4509
chr3	6	25	4150
chr3	6	26	6722
chr3	6	27	7760
chr3	6	28	11617
chr3	6	29	12706
chr3	6	30	15673
chr3	6	31	18709
chr3	6	32	26398
chr3	6	33	34749
chr3	6	34	31647
chr3	6	35	28186
chr3	6	36	20025
chr3	6	37	15347
chr3	6	38	10885
chr3	6	39	7668
chr3	6	40	5995
chr3	6	41	4169
chr3	6	42	3177
chr3	6	43	2126
chr3	6	44	1534
chr3	6	45	1115
chr3	6	46	866
chr3	6	47	692
chr3	6	48	565
chr3	6	49	522
chr3	6	50	500
chr3	6	51	523
chr3	6	52	561
chr3	6	53	660
chr3	6	54	811
chr3	6	55	881
chr3	6	56	1013
chr3	6	57	968
chr3	6	58	801
chr3	6	59	680
chr3	6	60	543
chr3	6	61	366
chr3	6	62	204
chr3	6	63	116
chr3	6	64	62
chr3	6	65	22
chr3	6	66	7
chr3	6	67	5
chr3	6	68	2
chr3	6	69	1
chr4	6	7	314
chr4	6	8	497
chr4	6	9	507
chr4	6	10	541
chr4	6	11	668
chr4	6	12	703
chr4	6	13	806
chr4	6	14	907
chr4	6	15	996
chr4	6	16	1126
chr4	6	17	1217
chr4	6	18	1448
chr4	6	19	1464
chr4	6	20	1887
chr4	6	21	1945
chr4	6	22	2495
chr4	6	23	2721
chr4	6	24	3957
chr4	6	25	3481
chr4	6	26	6096
chr4	6	27	6762
chr4	6	28	10323
chr4	6	29	11268
chr4	6	30	14050
chr4	6	31	17059
chr4	6	32	23833
chr4	6	33	31681
chr4	6	34	28556
chr4	6	35	25651
chr4	6	36	18242
chr4	6	37	13951
chr4	6	38	10027
chr4	6	39	7234
chr4	6	40	5430
chr4	6	41	3749
chr4	6	42	2852
chr4	6	43	1977
chr4	6	44	1486
chr4	6	45	1047
chr4	6	46	779
chr4	6	47	611
chr4	6	48	516
chr4	6	49	452
chr4	6	50	402
chr4	6	51	446
chr4	6	52	503
chr4	6	53	562
chr4	6	54	702
chr4	6	55	739
chr4	6	56	801
chr4	6	57	780
chr4	6	58	758
chr4	6	59	609
chr4	6	60	418
chr4	6	61	277
chr4	6	62	199
chr4	6	63	92
chr4	6	64	55
chr4	6	65	23
chr4	6	66	3
chr4	6	67	4
chr4	6	68	4
chr5	6	7	409
chr5	6	8	439
chr5	6	9	502
chr5	6	10	612
chr5	6	11	617
chr5	6	12	708
chr5	6	13	773
chr5	6	14	927
chr5	6	15	928
chr5	6	16	1079
chr5	6	17	1172
chr5	6	18	1403
chr5	6	19	1536
chr5	6	20	1741
chr5	6	21	1994
chr5	6	22	2430
chr5	6	23	2718
chr5	6	24	3987
chr5	6	25	3656
chr5	6	26	5925
chr5	6	27	6761
chr5	6	28	9996
chr5	6	29	11225
chr5	6	30	13689
chr5	6	31	17081
chr5	6	32	23228
chr5	6	33	31188
chr5	6	34	27949
chr5	6	35	25305
chr5	6	36	17927
chr5	6	37	13946
chr5	6	38	9865
chr5	6	39	6912
chr5	6	40	5391
chr5	6	41	3726
chr5	6	42	2765
chr5	6	43	1964
chr5	6	44	1420
chr5	6	45	1020
chr5	6	46	800
chr5	6	47	570
chr5	6	48	513
chr5	6	49	426
chr5	6	50	410
chr5	6	51	416
chr5	6	52	521
chr5	6	53	592
chr5	6	54	720
chr5	6	55	705
chr5	6	56	843
chr5	6	57	814
chr5	6	58	722
chr5	6	59	573
chr5	6	60	441
chr5	6	61	276
chr5	6	62	204
chr5	6	63	101
chr5	6	64	51
chr5	6	65	23
chr5	6	66	12
chr5	6	67	5
chr5	6	68	1
chr6	6	7	349
chr6	6	8	409
chr6	6	9	449
chr6	6	10	508
chr6	6	11	630
chr6	6	12	716
chr6	6	13	780
chr6	6	14	829
chr6	6	15	962
chr6	6	16	1095
chr6	6	17	1194
chr6	6	18	1381
chr6	6	19	1432
chr6	6	20	1780
chr6	6	21	1837
chr6	6	22	2328
chr6	6	23	2603
chr6	6	24	3814
chr6	6	25	3630
chr6	6	26	5800
chr6	6	27	6587
chr6	6	28	9699
chr6	6	29	10561
chr6	6	30	13344
chr6	6	31	15982
chr6	6	32	22557
chr6	6	33	29612
chr6	6	34	26575
chr6	6	35	23909
chr6	6	36	16990
chr6	6	37	12876
chr6	6	38	9245
chr6	6	39	6654
chr6	6	40	5035
chr6	6	41	3506
chr6	6	42	2650
chr6	6	43	1860
chr6	6	44	1345
chr6	6	45	1069
chr6	6	46	702
chr6	6	47	566
chr6	6	48	486
chr6	6	49	395
chr6	6	50	415
chr6	6	51	429
chr6	6	52	455
chr6	6	53	586
chr6	6	54	686
chr6	6	55	791
chr6	6	56	808
chr6	6	57	840
chr6	6	58	751
chr6	6	59	597
chr6	6	60	461
chr6	6	61	295
chr6	6	62	203
chr6	6	63	112
chr6	6	64	50
chr6	6	65	15
chr6	6	66	7
chr6	6	67	1
chr7	6	7	307
chr7	6	8	368
chr7	6	9	444
chr7	6	10	455
chr7	6	11	551
chr7	6	12	616
chr7	6	13	697
chr7	6	14	772
chr7	6	15	856
chr7	6	16	925
chr7	6	17	1039
chr7	6	18	1229
chr7	6	19	1299
chr7	6	20	1575
chr7	6	21	1612
chr7	6	22	2154
chr7	6	23	2314
chr7	6	24	3425
chr7	6	25	3128
chr7	6	26	4973
chr7	6	27	5723
chr7	6	28	8539
chr7	6	29	9531
chr7	6	30	11625
chr7	6	31	14453
chr7	6	32	19642
chr7	6	33	25791
chr7	6	34	23562
chr7	6	35	21091
chr7	6	36	15080
chr7	6	37	11464
chr7	6	38	8114
chr7	6	39	5759
chr7	6	40	4301
chr7	6	41	3033
chr7	6	42	2243
chr7	6	43	1537
chr7	6	44	1166
chr7	6	45	834
chr7	6	46	602
chr7	6	47	469
chr7	6	48	406
chr7	6	49	373
chr7	6	50	331
chr7	6	51	393
chr7	6	52	420
chr7	6	53	470
chr7	6	54	582
chr7	6	55	670
chr7	6	56	723
chr7	6	57	708
chr7	6	58	631
chr7	6	59	489
chr7	6	60	408
chr7	6	61	293
chr7	6	62	142
chr7	6	63	85
chr7	6	64	51
chr7	6	65	21
chr7	6	66	8
chr7	6	67	3
chr8	6	7	317
chr8	6	8	325
chr8	6	9	398
chr8	6	10	479
chr8	6	11	551
chr8	6	12	635
chr8	6	13	679
chr8	6	14	724
chr8	6	15	837
chr8	6	16	927
chr8	6	17	1054
chr8	6	18	1191
chr8	6	19	1282
chr8	6	20	1541
chr8	6	21	1606
chr8	6	22	2084
chr8	6	23	2183
chr8	6	24	3251
chr8	6	25	3039
chr8	6	26	5033
chr8	6	27	5538
chr8	6	28	8454
chr8	6	29	9139
chr8	6	30	11489
chr8	6	31	13989
chr8	6	32	19324
chr8	6	33	25802
chr8	6	34	23662
chr8	6	35	21093
chr8	6	36	14799
chr8	6	37	11473
chr8	6	38	8203
chr8	6	39	5852
chr8	6	40	4393
chr8	6	41	3106
chr8	6	42	2322
chr8	6	43	1604
chr8	6	44	1204
chr8	6	45	863
chr8	6	46	647
chr8	6	47	469
chr8	6	48	389
chr8	6	49	387
chr8	6	50	329
chr8	6	51	379
chr8	6	52	398
chr8	6	53	491
chr8	6	54	570
chr8	6	55	701
chr8	6	56	699
chr8	6	57	661
chr8	6	58	617
chr8	6	59	437
chr8	6	60	355
chr8	6	61	236
chr8	6	62	151
chr8	6	63	73
chr8	6	64	39
chr8	6	65	8
chr8	6	66	8
chr8	6	67	1
chr8	6	68	1
chr9	6	7	236
chr9	6	8	293
chr9	6	9	365
chr9	6	10	407
chr9	6	11	452
chr9	6	12	488
chr9	6	13	568
chr9	6	14	603
chr9	6	15	689
chr9	6	16	693
chr9	6	17	779
chr9	6	18	947
chr9	6	19	1005
chr9	6	20	1195
chr9	6	21	1238
chr9	6	22	1641
chr9	6	23	1805
chr9	6	24	2699
chr9	6	25	2348
chr9	6	26	3974
chr9	6	27	4454
chr9	6	28	6536
chr9	6	29	7307
chr9	6	30	9084
chr9	6	31	10936
chr9	6	32	15067
chr9	6	33	20177
chr9	6	34	17893
chr9	6	35	16311
chr9	6	36	11515
chr9	6	37	8885
chr9	6	38	6352
chr9	6	39	4571
chr9	6	40	3409
chr9	6	41	2377
chr9	6	42	1777
chr9	6	43	1289
chr9	6	44	874
chr9	6	45	665
chr9	6	46	513
chr9	6	47	414
chr9	6	48	323
chr9	6	49	305
chr9	6	50	306
chr9	6	51	315
chr9	6	52	330
chr9	6	53	392
chr9	6	54	495
chr9	6	55	527
chr9	6	56	543
chr9	6	57	549
chr9	6	58	487
chr9	6	59	418
chr9	6	60	306
chr9	6	61	209
chr9	6	62	130
chr9	6	63	70
chr9	6	64	31
chr9	6	65	9
chr9	6	66	8
chr9	6	67	2
chr9	6	68	2
chr9	6	69	1
chr9	6	70	1
chr10	6	7	245
chr10	6	8	367
chr10	6	9	422
chr10	6	10	442
chr10	6	11	514
chr10	6	12	593
chr10	6	13	712
chr10	6	14	718
chr10	6	15	777
chr10	6	16	900
chr10	6	17	1011
chr10	6	18	1209
chr10	6	19	1233
chr10	6	20	1489
chr10	6	21	1562
chr10	6	22	1939
chr10	6	23	2141
chr10	6	24	3163
chr10	6	25	3010
chr10	6	26	4810
chr10	6	27	5282
chr10	6	28	7922
chr10	6	29	8713
chr10	6	30	10947
chr10	6	31	13180
chr10	6	32	18185
chr10	6	33	24246
chr10	6	34	21744
chr10	6	35	19539
chr10	6	36	13950
chr10	6	37	10547
chr10	6	38	7540
chr10	6	39	5434
chr10	6	40	4088
chr10	6	41	2841
chr10	6	42	2179
chr10	6	43	1499
chr10	6	44	1134
chr10	6	45	850
chr10	6	46	604
chr10	6	47	519
chr10	6	48	394
chr10	6	49	363
chr10	6	50	365
chr10	6	51	355
chr10	6	52	427
chr10	6	53	466
chr10	6	54	567
chr10	6	55	610
chr10	6	56	704
chr10	6	57	688
chr10	6	58	606
chr10	6	59	480
chr10	6	60	372
chr10	6	61	249
chr10	6	62	148
chr10	6	63	71
chr10	6	64	38
chr10	6	65	15
chr10	6	66	7
chr10	6	67	3
chr11	6	7	284
chr11	6	8	384
chr11	6	9	370
chr11	6	10	459
chr11	6	11	518
chr11	6	12	572
chr11	6	13	624
chr11	6	14	707
chr11	6	15	804
chr11	6	16	888
chr11	6	17	961
chr11	6	18	1144
chr11	6	19	1228
chr11	6	20	1515
chr11	6	21	1530
chr11	6	22	1940
chr11	6	23	2189
chr11	6	24	3174
chr11	6	25	2861
chr11	6	26	4673
chr11	6	27	5330
chr11	6	28	7791
chr11	6	29	8690
chr11	6	30	10978
chr11	6	31	12755
chr11	6	32	18085
chr11	6	33	23926
chr11	6	34	21638
chr11	6	35	19338
chr11	6	36	13805
chr11	6	37	10419
chr11	6	38	7540
chr11	6	39	5444
chr11	6	40	3962
chr11	6	41	2798
chr11	6	42	2139
chr11	6	43	1410
chr11	6	44	1163
chr11	6	45	813
chr11	6	46	638
chr11	6	47	478
chr11	6	48	437
chr11	6	49	385
chr11	6	50	361
chr11	6	51	342
chr11	6	52	419
chr11	6	53	458
chr11	6	54	552
chr11	6	55	605
chr11	6	56	643
chr11	6	57	660
chr11	6	58	582
chr11	6	59	481
chr11	6	60	357
chr11	6	61	226
chr11	6	62	134
chr11	6	63	72
chr11	6	64	36
chr11	6	65	9
chr11	6	66	3
chr11	6	67	3
chr11	6	68	1
chr11	6	69	1
chr12	6	7	277
chr12	6	8	357
chr12	6	9	368
chr12	6	10	452
chr12	6	11	523
chr12	6	12	524
chr12	6	13	660
chr12	6	14	696
chr12	6	15	804
chr12	6	16	861
chr12	6	17	896
chr12	6	18	1089
chr12	6	19	1179
chr12	6	20	1308
chr12	6	21	1495
chr12	6	22	1857
chr12	6	23	2027
chr12	6	24	3042
chr12	6	25	2775
chr12	6	26	4566
chr12	6	27	5117
chr12	6	28	7651
chr12	6	29	8474
chr12	6	30	10461
chr12	6	31	12882
chr12	6	32	17555
chr12	6	33	22881
chr12	6	34	21176
chr12	6	35	18897
chr12	6	36	13454
chr12	6	37	10182
chr12	6	38	7162
chr12	6	39	5210
chr12	6	40	3913
chr12	6	41	2697
chr12	6	42	2047
chr12	6	43	1434
chr12	6	44	1032
chr12	6	45	728
chr12	6	46	613
chr12	6	47	450
chr12	6	48	412
chr12	6	49	315
chr12	6	50	312
chr12	6	51	375
chr12	6	52	395
chr12	6	53	467
chr12	6	54	540
chr12	6	55	661
chr12	6	56	682
chr12	6	57	636
chr12	6	58	610
chr12	6	59	524
chr12	6	60	347
chr12	6	61	233
chr12	6	62	143
chr12	6	63	75
chr12	6	64	35
chr12	6	65	12
chr12	6	66	7
chr12	6	68	1
chr12	6	70	1
chr13	6	7	196
chr13	6	8	216
chr13	6	9	269
chr13	6	10	313
chr13	6	11	341
chr13	6	12	382
chr13	6	13	432
chr13	6	14	476
chr13	6	15	536
chr13	6	16	589
chr13	6	17	668
chr13	6	18	746
chr13	6	19	756
chr13	6	20	954
chr13	6	21	1091
chr13	6	22	1343
chr13	6	23	1486
chr13	6	24	2070
chr13	6	25	1865
chr13	6	26	3203
chr13	6	27	3582
chr13	6	28	5511
chr13	6	29	6040
chr13	6	30	7585
chr13	6	31	9034
chr13	6	32	12256
chr13	6	33	16575
chr13	6	34	15052
chr13	6	35	13498
chr13	6	36	9539
chr13	6	37	7288
chr13	6	38	5138
chr13	6	39	3691
chr13	6	40	2819
chr13	6	41	2020
chr13	6	42	1512
chr13	6	43	1021
chr13	6	44	742
chr13	6	45	577
chr13	6	46	382
chr13	6	47	306
chr13	6	48	253
chr13	6	49	226
chr13	6	50	226
chr13	6	51	221
chr13	6	52	298
chr13	6	53	292
chr13	6	54	367
chr13	6	55	420
chr13	6	56	441
chr13	6	57	438
chr13	6	58	364
chr13	6	59	332
chr13	6	60	241
chr13	6	61	129
chr13	6	62	84
chr13	6	63	58
chr13	6	64	24
chr13	6	65	13
chr13	6	66	5
chr13	6	67	2
chr14	6	7	198
chr14	6	8	205
chr14	6	9	256
chr14	6	10	290
chr14	6	11	339
chr14	6	12	382
chr14	6	13	438
chr14	6	14	456
chr14	6	15	500
chr14	6	16	597
chr14	6	17	654
chr14	6	18	772
chr14	6	19	825
chr14	6	20	1039
chr14	6	21	1012
chr14	6	22	1260
chr14	6	23	1416
chr14	6	24	2077
chr14	6	25	1959
chr14	6	26	3239
chr14	6	27	3421
chr14	6	28	5083
chr14	6	29	5665
chr14	6	30	7347
chr14	6	31	8492
chr14	6	32	12025
chr14	6	33	15862
chr14	6	34	14289
chr14	6	35	12783
chr14	6	36	9110
chr14	6	37	6880
chr14	6	38	4924
chr14	6	39	3560
chr14	6	40	2687
chr14	6	41	1843
chr14	6	42	1401
chr14	6	43	935
chr14	6	44	686
chr14	6	45	554
chr14	6	46	401
chr14	6	47	339
chr14	6	48	269
chr14	6	49	226
chr14	6	50	202
chr14	6	51	246
chr14	6	52	318
chr14	6	53	328
chr14	6	54	325
chr14	6	55	395
chr14	6	56	459
chr14	6	57	425
chr14	6	58	408
chr14	6	59	352
chr14	6	60	253
chr14	6	61	180
chr14	6	62	88
chr14	6	63	57
chr14	6	64	12
chr14	6	65	9
chr14	6	66	2
chr14	6	67	4
chr14	6	70	1
chr15	6	7	159
chr15	6	8	235
chr15	6	9	256
chr15	6	10	314
chr15	6	11	339
chr15	6	12	300
chr15	6	13	396
chr15	6	14	421
chr15	6	15	479
chr15	6	16	564
chr15	6	17	594
chr15	6	18	723
chr15	6	19	771
chr15	6	20	913
chr15	6	21	978
chr15	6	22	1181
chr15	6	23	1328
chr15	6	24	1921
chr15	6	25	1800
chr15	6	26	2933
chr15	6	27	3180
chr15	6	28	4784
chr15	6	29	5384
chr15	6	30	6628
chr15	6	31	7916
chr15	6	32	10876
chr15	6	33	14604
chr15	6	34	13225
chr15	6	35	11940
chr15	6	36	8364
chr15	6	37	6347
chr15	6	38	4611
chr15	6	39	3213
chr15	6	40	2475
chr15	6	41	1728
chr15	6	42	1307
chr15	6	43	921
chr15	6	44	664
chr15	6	45	510
chr15	6	46	364
chr15	6	47	279
chr15	6	48	234
chr15	6	49	223
chr15	6	50	226
chr15	6	51	224
chr15	6	52	234
chr15	6	53	299
chr15	6	54	345
chr15	6	55	382
chr15	6	56	410
chr15	6	57	416
chr15	6	58	373
chr15	6	59	329
chr15	6	60	245
chr15	6	61	144
chr15	6	62	88
chr15	6	63	54
chr15	6	64	19
chr15	6	65	9
chr15	6	66	4
chr16	6	7	176
chr16	6	8	219
chr16	6	9	261
chr16	6	10	287
chr16	6	11	339
chr16	6	12	393
chr16	6	13	406
chr16	6	14	447
chr16	6	15	512
chr16	6	16	496
chr16	6	17	639
chr16	6	18	708
chr16	6	19	769
chr16	6	20	934
chr16	6	21	987
chr16	6	22	1270
chr16	6	23	1340
chr16	6	24	1917
chr16	6	25	1802
chr16	6	26	2888
chr16	6	27	3200
chr16	6	28	4713
chr16	6	29	5392
chr16	6	30	6533
chr16	6	31	7852
chr16	6	32	10678
chr16	6	33	14263
chr16	6	34	12749
chr16	6	35	11441
chr16	6	36	8245
chr16	6	37	6114
chr16	6	38	4388
chr16	6	39	3066
chr16	6	40	2334
chr16	6	41	1675
chr16	6	42	1258
chr16	6	43	837
chr16	6	44	622
chr16	6	45	475
chr16	6	46	368
chr16	6	47	300
chr16	6	48	276
chr16	6	49	231
chr16	6	50	229
chr16	6	51	265
chr16	6	52	240
chr16	6	53	328
chr16	6	54	338
chr16	6	55	356
chr16	6	56	402
chr16	6	57	449
chr16	6	58	407
chr16	6	59	302
chr16	6	60	231
chr16	6	61	136
chr16	6	62	76
chr16	6	63	46
chr16	6	64	22
chr16	6	65	6
chr16	6	66	2
chr16	6	70	1
chr17	6	7	192
chr17	6	8	221
chr17	6	9	234
chr17	6	10	296
chr17	6	11	325
chr17	6	12	347
chr17	6	13	428
chr17	6	14	462
chr17	6	15	509
chr17	6	16	533
chr17	6	17	614
chr17	6	18	719
chr17	6	19	802
chr17	6	20	872
chr17	6	21	1033
chr17	6	22	1294
chr17	6	23	1404
chr17	6	24	1983
chr17	6	25	1821
chr17	6	26	2981
chr17	6	27	3204
chr17	6	28	4794
chr17	6	29	5368
chr17	6	30	6538
chr17	6	31	7985
chr17	6	32	10602
chr17	6	33	14089
chr17	6	34	12542
chr17	6	35	11045
chr17	6	36	7779
chr17	6	37	5893
chr17	6	38	4336
chr17	6	39	3035
chr17	6	40	2277
chr17	6	41	1488
chr17	6	42	1175
chr17	6	43	802
chr17	6	44	604
chr17	6	45	432
chr17	6	46	342
chr17	6	47	259
chr17	6	48	237
chr17	6	49	212
chr17	6	50	209
chr17	6	51	250
chr17	6	52	254
chr17	6	53	304
chr17	6	54	349
chr17	6	55	412
chr17	6	56	470
chr17	6	57	444
chr17	6	58	426
chr17	6	59	345
chr17	6	60	258
chr17	6	61	182
chr17	6	62	100
chr17	6	63	51
chr17	6	64	28
chr17	6	65	20
chr17	6	66	12
chr17	6	67	1
chr17	6	68	1
chr17	6	69	2
chr18	6	7	166
chr18	6	8	224
chr18	6	9	225
chr18	6	10	251
chr18	6	11	312
chr18	6	12	304
chr18	6	13	368
chr18	6	14	420
chr18	6	15	466
chr18	6	16	484
chr18	6	17	570
chr18	6	18	645
chr18	6	19	716
chr18	6	20	781
chr18	6	21	862
chr18	6	22	1105
chr18	6	23	1172
chr18	6	24	1707
chr18	6	25	1642
chr18	6	26	2762
chr18	6	27	2915
chr18	6	28	4486
chr18	6	29	4911
chr18	6	30	5985
chr18	6	31	7246
chr18	6	32	10295
chr18	6	33	13665
chr18	6	34	12479
chr18	6	35	11298
chr18	6	36	8220
chr18	6	37	6096
chr18	6	38	4502
chr18	6	39	3058
chr18	6	40	2431
chr18	6	41	1664
chr18	6	42	1313
chr18	6	43	806
chr18	6	44	673
chr18	6	45	463
chr18	6	46	345
chr18	6	47	260
chr18	6	48	193
chr18	6	49	193
chr18	6	50	216
chr18	6	51	181
chr18	6	52	233
chr18	6	53	246
chr18	6	54	269
chr18	6	55	341
chr18	6	56	363
chr18	6	57	386
chr18	6	58	330
chr18	6	59	276
chr18	6	60	180
chr18	6	61	133
chr18	6	62	73
chr18	6	63	45
chr18	6	64	14
chr18	6	65	10
chr18	6	66	1
chr18	6	67	1
chr19	6	7	105
chr19	6	8	159
chr19	6	9	152
chr19	6	10	210
chr19	6	11	239
chr19	6	12	282
chr19	6	13	292
chr19	6	14	304
chr19	6	15	335
chr19	6	16	397
chr19	6	17	413
chr19	6	18	494
chr19	6	19	538
chr19	6	20	677
chr19	6	21	701
chr19	6	22	865
chr19	6	23	918
chr19	6	24	1357
chr19	6	25	1296
chr19	6	26	1985
chr19	6	27	2162
chr19	6	28	3185
chr19	6	29	3511
chr19	6	30	4207
chr19	6	31	5153
chr19	6	32	7027
chr19	6	33	8588
chr19	6	34	7797
chr19	6	35	6984
chr19	6	36	4828
chr19	6	37	3657
chr19	6	38	2564
chr19	6	39	1755
chr19	6	40	1356
chr19	6	41	910
chr19	6	42	683
chr19	6	43	463
chr19	6	44	389
chr19	6	45	246
chr19	6	46	191
chr19	6	47	183
chr19	6	48	146
chr19	6	49	148
chr19	6	50	137
chr19	6	51	154
chr19	6	52	171
chr19	6	53	183
chr19	6	54	245
chr19	6	55	263
chr19	6	56	286
chr19	6	57	274
chr19	6	58	259
chr19	6	59	220
chr19	6	60	156
chr19	6	61	114
chr19	6	62	67
chr19	6	63	39
chr19	6	64	18
chr19	6	65	5
chr19	6	66	1
chr19	6	67	2
chr20	6	7	160
chr20	6	8	201
chr20	6	9	220
chr20	6	10	257
chr20	6	11	302
chr20	6	12	312
chr20	6	13	337
chr20	6	14	378
chr20	6	15	450
chr20	6	16	479
chr20	6	17	513
chr20	6	18	576
chr20	6	19	680
chr20	6	20	804
chr20	6	21	876
chr20	6	22	1053
chr20	6	23	1126
chr20	6	24	1560
chr20	6	25	1468
chr20	6	26	2403
chr20	6	27	2748
chr20	6	28	4044
chr20	6	29	4477
chr20	6	30	5534
chr20	6	31	6583
chr20	6	32	9111
chr20	6	33	12118
chr20	6	34	11155
chr20	6	35	9768
chr20	6	36	6997
chr20	6	37	5417
chr20	6	38	3719
chr20	6	39	2642
chr20	6	40	1959
chr20	6	41	1440
chr20	6	42	1066
chr20	6	43	755
chr20	6	44	558
chr20	6	45	395
chr20	6	46	328
chr20	6	47	273
chr20	6	48	188
chr20	6	49	188
chr20	6	50	182
chr20	6	51	188
chr20	6	52	193
chr20	6	53	266
chr20	6	54	322
chr20	6	55	336
chr20	6	56	350
chr20	6	57	363
chr20	6	58	318
chr20	6	59	277
chr20	6	60	203
chr20	6	61	144
chr20	6	62	80
chr20	6	63	35
chr20	6	64	16
chr20	6	65	6
chr20	6	66	2
chr20	6	67	1
chr20	6	71	1
chr21	6	7	80
chr21	6	8	114
chr21	6	9	88
chr21	6	10	104
chr21	6	11	119
chr21	6	12	159
chr21	6	13	172
chr21	6	14	181
chr21	6	15	217
chr21	6	16	233
chr21	6	17	263
chr21	6	18	302
chr21	6	19	293
chr21	6	20	376
chr21	6	21	449
chr21	6	22	563
chr21	6	23	599
chr21	6	24	826
chr21	6	25	736
chr21	6	26	1252
chr21	6	27	1414
chr21	6	28	1944
chr21	6	29	2288
chr21	6	30	2832
chr21	6	31	3368
chr21	6	32	4808
chr21	6	33	6167
chr21	6	34	5567
chr21	6	35	4918
chr21	6	36	3443
chr21	6	37	2578
chr21	6	38	1946
chr21	6	39	1396
chr21	6	40	1035
chr21	6	41	694
chr21	6	42	504
chr21	6	43	408
chr21	6	44	271
chr21	6	45	199
chr21	6	46	145
chr21	6	47	114
chr21	6	48	101
chr21	6	49	78
chr21	6	50	69
chr21	6	51	93
chr21	6	52	94
chr21	6	53	102
chr21	6	54	153
chr21	6	55	164
chr21	6	56	140
chr21	6	57	188
chr21	6	58	145
chr21	6	59	103
chr21	6	60	86
chr21	6	61	61
chr21	6	62	29
chr21	6	63	20
chr21	6	64	11
chr21	6	65	5
chr21	6	66	3
chr21	6	67	1
chr21	6	68	1
chr21	6	72	1
chr22	6	7	73
chr22	6	8	104
chr22	6	9	154
chr22	6	10	154
chr22	6	11	169
chr22	6	12	192
chr22	6	13	198
chr22	6	14	218
chr22	6	15	258
chr22	6	16	250
chr22	6	17	288
chr22	6	18	352
chr22	6	19	349
chr22	6	20	483
chr22	6	21	488
chr22	6	22	615
chr22	6	23	689
chr22	6	24	864
chr22	6	25	900
chr22	6	26	1345
chr22	6	27	1550
chr22	6	28	2372
chr22	6	29	2586
chr22	6	30	3080
chr22	6	31	3683
chr22	6	32	5072
chr22	6	33	6497
chr22	6	34	5947
chr22	6	35	5321
chr22	6	36	3708
chr22	6	37	2802
chr22	6	38	1950
chr22	6	39	1406
chr22	6	40	1084
chr22	6	41	747
chr22	6	42	556
chr22	6	43	404
chr22	6	44	299
chr22	6	45	181
chr22	6	46	166
chr22	6	47	128
chr22	6	48	139
chr22	6	49	117
chr22	6	50	112
chr22	6	51	119
chr22	6	52	145
chr22	6	53	148
chr22	6	54	185
chr22	6	55	194
chr22	6	56	224
chr22	6	57	211
chr22	6	58	209
chr22	6	59	148
chr22	6	60	106
chr22	6	61	85
chr22	6	62	37
chr22	6	63	23
chr22	6	64	7
chr22	6	65	2
chr22	6	66	2
chrX	6	7	244
chrX	6	8	330
chrX	6	9	356
chrX	6	10	456
chrX	6	11	489
chrX	6	12	510
chrX	6	13	654
chrX	6	14	668
chrX	6	15	745
chrX	6	16	842
chrX	6	17	875
chrX	6	18	1109
chrX	6	19	1117
chrX	6	20	1372
chrX	6	21	1537
chrX	6	22	1923
chrX	6	23	2167
chrX	6	24	3085
chrX	6	25	2843
chrX	6	26	4637
chrX	6	27	5307
chrX	6	28	7996
chrX	6	29	8678
chrX	6	30	10596
chrX	6	31	13112
chrX	6	32	18143
chrX	6	33	24532
chrX	6	34	22033
chrX	6	35	20007
chrX	6	36	14033
chrX	6	37	10883
chrX	6	38	7856
chrX	6	39	5549
chrX	6	40	4130
chrX	6	41	2922
chrX	6	42	2186
chrX	6	43	1553
chrX	6	44	1150
chrX	6	45	775
chrX	6	46	563
chrX	6	47	452
chrX	6	48	380
chrX	6	49	338
chrX	6	50	320
chrX	6	51	312
chrX	6	52	356
chrX	6	53	434
chrX	6	54	528
chrX	6	55	534
chrX	6	56	597
chrX	6	57	564
chrX	6	58	527
chrX	6	59	424
chrX	6	60	330
chrX	6	61	209
chrX	6	62	120
chrX	6	63	85
chrX	6	64	29
chrX	6	65	19
chrX	6	66	12
chrX	6	69	2
chrY	6	7	1
chrY	6	8	1
chrY	6	9	1
chrY	6	10	2
chrY	6	11	1
chrY	6	12	1
chrY	6	13	1
chrY	6	16	2
chrY	6	17	2
chrY	6	19	2
chrY	6	21	2
chrY	6	22	1
chrY	6	25	1
chrY	6	26	3
chrY	6	27	3
chrY	6	28	3
chrY	6	29	6
chrY	6	30	4
chrY	6	31	6
chrY	6	32	6
chrY	6	33	9
chrY	6	34	14
chrY	6	35	4
chrY	6	36	6
chrY	6	37	1
chrY	6	38	1
chrY	6	40	5
chrY	6	42	1
chrY	6	43	1
chrY	6	45	1
chrM	6	12	1
chrM	6	18	1
chrM	6	31	2
chrM	6	32	1
chrM	6	37	1
chrM	6	38	1
