##Chromosome	MAQP	Length	ReadsNums
chr1	6	7	383
chr1	6	8	473
chr1	6	9	550
chr1	6	10	584
chr1	6	11	713
chr1	6	12	790
chr1	6	13	875
chr1	6	14	962
chr1	6	15	1089
chr1	6	16	1171
chr1	6	17	1278
chr1	6	18	1598
chr1	6	19	1837
chr1	6	20	2170
chr1	6	21	2298
chr1	6	22	2880
chr1	6	23	3244
chr1	6	24	4839
chr1	6	25	4661
chr1	6	26	7465
chr1	6	27	8509
chr1	6	28	12401
chr1	6	29	13894
chr1	6	30	16225
chr1	6	31	19603
chr1	6	32	26546
chr1	6	33	34540
chr1	6	34	30091
chr1	6	35	25525
chr1	6	36	17176
chr1	6	37	12553
chr1	6	38	8581
chr1	6	39	5981
chr1	6	40	4354
chr1	6	41	2980
chr1	6	42	2209
chr1	6	43	1416
chr1	6	44	1134
chr1	6	45	792
chr1	6	46	619
chr1	6	47	468
chr1	6	48	423
chr1	6	49	399
chr1	6	50	384
chr1	6	51	425
chr1	6	52	474
chr1	6	53	518
chr1	6	54	677
chr1	6	55	715
chr1	6	56	853
chr1	6	57	748
chr1	6	58	750
chr1	6	59	578
chr1	6	60	421
chr1	6	61	260
chr1	6	62	148
chr1	6	63	90
chr1	6	64	30
chr1	6	65	16
chr1	6	66	8
chr1	6	67	1
chr1	6	68	2
chr2	6	7	431
chr2	6	8	480
chr2	6	9	532
chr2	6	10	602
chr2	6	11	727
chr2	6	12	803
chr2	6	13	904
chr2	6	14	893
chr2	6	15	1029
chr2	6	16	1198
chr2	6	17	1345
chr2	6	18	1596
chr2	6	19	1742
chr2	6	20	2125
chr2	6	21	2329
chr2	6	22	2977
chr2	6	23	3388
chr2	6	24	5008
chr2	6	25	4844
chr2	6	26	7882
chr2	6	27	8906
chr2	6	28	12988
chr2	6	29	14238
chr2	6	30	16960
chr2	6	31	20116
chr2	6	32	27780
chr2	6	33	36447
chr2	6	34	31795
chr2	6	35	27047
chr2	6	36	18352
chr2	6	37	13359
chr2	6	38	9286
chr2	6	39	6327
chr2	6	40	4618
chr2	6	41	3209
chr2	6	42	2430
chr2	6	43	1575
chr2	6	44	1104
chr2	6	45	823
chr2	6	46	661
chr2	6	47	479
chr2	6	48	432
chr2	6	49	412
chr2	6	50	373
chr2	6	51	408
chr2	6	52	481
chr2	6	53	556
chr2	6	54	634
chr2	6	55	701
chr2	6	56	798
chr2	6	57	738
chr2	6	58	699
chr2	6	59	595
chr2	6	60	452
chr2	6	61	283
chr2	6	62	153
chr2	6	63	83
chr2	6	64	42
chr2	6	65	17
chr2	6	66	5
chr2	6	67	3
chr3	6	7	327
chr3	6	8	400
chr3	6	9	421
chr3	6	10	494
chr3	6	11	550
chr3	6	12	671
chr3	6	13	718
chr3	6	14	793
chr3	6	15	873
chr3	6	16	1021
chr3	6	17	1117
chr3	6	18	1270
chr3	6	19	1406
chr3	6	20	1754
chr3	6	21	1882
chr3	6	22	2434
chr3	6	23	2705
chr3	6	24	4029
chr3	6	25	3790
chr3	6	26	6479
chr3	6	27	7299
chr3	6	28	10505
chr3	6	29	11539
chr3	6	30	13756
chr3	6	31	16716
chr3	6	32	22835
chr3	6	33	29726
chr3	6	34	25988
chr3	6	35	21979
chr3	6	36	15121
chr3	6	37	10885
chr3	6	38	7531
chr3	6	39	5046
chr3	6	40	3812
chr3	6	41	2627
chr3	6	42	1881
chr3	6	43	1249
chr3	6	44	858
chr3	6	45	667
chr3	6	46	491
chr3	6	47	368
chr3	6	48	347
chr3	6	49	329
chr3	6	50	313
chr3	6	51	332
chr3	6	52	422
chr3	6	53	423
chr3	6	54	522
chr3	6	55	577
chr3	6	56	642
chr3	6	57	646
chr3	6	58	555
chr3	6	59	480
chr3	6	60	353
chr3	6	61	208
chr3	6	62	134
chr3	6	63	75
chr3	6	64	21
chr3	6	65	13
chr3	6	66	5
chr3	6	68	1
chr4	6	7	278
chr4	6	8	328
chr4	6	9	394
chr4	6	10	466
chr4	6	11	524
chr4	6	12	551
chr4	6	13	623
chr4	6	14	626
chr4	6	15	805
chr4	6	16	921
chr4	6	17	942
chr4	6	18	1094
chr4	6	19	1278
chr4	6	20	1420
chr4	6	21	1628
chr4	6	22	2149
chr4	6	23	2305
chr4	6	24	3462
chr4	6	25	3363
chr4	6	26	5787
chr4	6	27	6470
chr4	6	28	9462
chr4	6	29	10452
chr4	6	30	12338
chr4	6	31	14807
chr4	6	32	20549
chr4	6	33	27110
chr4	6	34	23490
chr4	6	35	20111
chr4	6	36	13712
chr4	6	37	10022
chr4	6	38	6950
chr4	6	39	4819
chr4	6	40	3601
chr4	6	41	2489
chr4	6	42	1679
chr4	6	43	1184
chr4	6	44	839
chr4	6	45	616
chr4	6	46	419
chr4	6	47	324
chr4	6	48	285
chr4	6	49	250
chr4	6	50	252
chr4	6	51	273
chr4	6	52	295
chr4	6	53	360
chr4	6	54	410
chr4	6	55	487
chr4	6	56	533
chr4	6	57	473
chr4	6	58	401
chr4	6	59	396
chr4	6	60	273
chr4	6	61	153
chr4	6	62	98
chr4	6	63	60
chr4	6	64	28
chr4	6	65	16
chr4	6	66	4
chr4	6	67	2
chr5	6	7	263
chr5	6	8	350
chr5	6	9	377
chr5	6	10	448
chr5	6	11	581
chr5	6	12	549
chr5	6	13	629
chr5	6	14	693
chr5	6	15	786
chr5	6	16	807
chr5	6	17	929
chr5	6	18	1128
chr5	6	19	1200
chr5	6	20	1538
chr5	6	21	1649
chr5	6	22	2148
chr5	6	23	2445
chr5	6	24	3608
chr5	6	25	3421
chr5	6	26	5649
chr5	6	27	6418
chr5	6	28	9344
chr5	6	29	10244
chr5	6	30	12164
chr5	6	31	14561
chr5	6	32	20530
chr5	6	33	26711
chr5	6	34	23124
chr5	6	35	20008
chr5	6	36	13290
chr5	6	37	9801
chr5	6	38	6750
chr5	6	39	4586
chr5	6	40	3403
chr5	6	41	2284
chr5	6	42	1651
chr5	6	43	1128
chr5	6	44	775
chr5	6	45	584
chr5	6	46	435
chr5	6	47	371
chr5	6	48	303
chr5	6	49	265
chr5	6	50	257
chr5	6	51	310
chr5	6	52	310
chr5	6	53	393
chr5	6	54	434
chr5	6	55	461
chr5	6	56	531
chr5	6	57	508
chr5	6	58	472
chr5	6	59	365
chr5	6	60	275
chr5	6	61	182
chr5	6	62	123
chr5	6	63	55
chr5	6	64	24
chr5	6	65	7
chr5	6	66	4
chr5	6	67	1
chr5	6	71	1
chr6	6	7	225
chr6	6	8	325
chr6	6	9	371
chr6	6	10	415
chr6	6	11	485
chr6	6	12	545
chr6	6	13	633
chr6	6	14	621
chr6	6	15	713
chr6	6	16	894
chr6	6	17	952
chr6	6	18	1141
chr6	6	19	1159
chr6	6	20	1471
chr6	6	21	1574
chr6	6	22	2061
chr6	6	23	2330
chr6	6	24	3395
chr6	6	25	3222
chr6	6	26	5433
chr6	6	27	6166
chr6	6	28	8909
chr6	6	29	9691
chr6	6	30	11589
chr6	6	31	14017
chr6	6	32	19318
chr6	6	33	25528
chr6	6	34	21790
chr6	6	35	18782
chr6	6	36	12786
chr6	6	37	9278
chr6	6	38	6289
chr6	6	39	4401
chr6	6	40	3148
chr6	6	41	2190
chr6	6	42	1614
chr6	6	43	1119
chr6	6	44	774
chr6	6	45	533
chr6	6	46	439
chr6	6	47	362
chr6	6	48	301
chr6	6	49	277
chr6	6	50	265
chr6	6	51	281
chr6	6	52	298
chr6	6	53	341
chr6	6	54	398
chr6	6	55	473
chr6	6	56	560
chr6	6	57	549
chr6	6	58	481
chr6	6	59	403
chr6	6	60	264
chr6	6	61	200
chr6	6	62	125
chr6	6	63	52
chr6	6	64	28
chr6	6	65	9
chr6	6	66	6
chr7	6	7	244
chr7	6	8	328
chr7	6	9	316
chr7	6	10	393
chr7	6	11	423
chr7	6	12	452
chr7	6	13	559
chr7	6	14	629
chr7	6	15	698
chr7	6	16	751
chr7	6	17	845
chr7	6	18	1024
chr7	6	19	1089
chr7	6	20	1350
chr7	6	21	1408
chr7	6	22	1807
chr7	6	23	2045
chr7	6	24	3006
chr7	6	25	2927
chr7	6	26	4922
chr7	6	27	5531
chr7	6	28	7777
chr7	6	29	8558
chr7	6	30	10247
chr7	6	31	12437
chr7	6	32	16976
chr7	6	33	22315
chr7	6	34	19164
chr7	6	35	16696
chr7	6	36	11217
chr7	6	37	8061
chr7	6	38	5576
chr7	6	39	3866
chr7	6	40	2790
chr7	6	41	2010
chr7	6	42	1410
chr7	6	43	931
chr7	6	44	727
chr7	6	45	493
chr7	6	46	405
chr7	6	47	286
chr7	6	48	241
chr7	6	49	216
chr7	6	50	235
chr7	6	51	229
chr7	6	52	282
chr7	6	53	333
chr7	6	54	389
chr7	6	55	439
chr7	6	56	465
chr7	6	57	438
chr7	6	58	412
chr7	6	59	308
chr7	6	60	246
chr7	6	61	146
chr7	6	62	96
chr7	6	63	53
chr7	6	64	21
chr7	6	65	6
chr7	6	66	4
chr7	6	67	3
chr8	6	7	237
chr8	6	8	295
chr8	6	9	318
chr8	6	10	341
chr8	6	11	458
chr8	6	12	446
chr8	6	13	559
chr8	6	14	584
chr8	6	15	634
chr8	6	16	705
chr8	6	17	824
chr8	6	18	1003
chr8	6	19	974
chr8	6	20	1326
chr8	6	21	1339
chr8	6	22	1892
chr8	6	23	2002
chr8	6	24	2940
chr8	6	25	2777
chr8	6	26	4703
chr8	6	27	5367
chr8	6	28	7767
chr8	6	29	8611
chr8	6	30	10241
chr8	6	31	12083
chr8	6	32	16870
chr8	6	33	21939
chr8	6	34	19338
chr8	6	35	16545
chr8	6	36	11290
chr8	6	37	8299
chr8	6	38	5691
chr8	6	39	3899
chr8	6	40	2987
chr8	6	41	2016
chr8	6	42	1370
chr8	6	43	1015
chr8	6	44	724
chr8	6	45	523
chr8	6	46	384
chr8	6	47	301
chr8	6	48	273
chr8	6	49	260
chr8	6	50	202
chr8	6	51	265
chr8	6	52	285
chr8	6	53	283
chr8	6	54	395
chr8	6	55	396
chr8	6	56	462
chr8	6	57	425
chr8	6	58	381
chr8	6	59	301
chr8	6	60	239
chr8	6	61	150
chr8	6	62	89
chr8	6	63	40
chr8	6	64	21
chr8	6	65	10
chr8	6	66	4
chr8	6	68	2
chr9	6	7	189
chr9	6	8	222
chr9	6	9	261
chr9	6	10	294
chr9	6	11	348
chr9	6	12	403
chr9	6	13	398
chr9	6	14	477
chr9	6	15	526
chr9	6	16	564
chr9	6	17	619
chr9	6	18	733
chr9	6	19	872
chr9	6	20	1082
chr9	6	21	1156
chr9	6	22	1469
chr9	6	23	1589
chr9	6	24	2344
chr9	6	25	2177
chr9	6	26	3642
chr9	6	27	4178
chr9	6	28	6075
chr9	6	29	6595
chr9	6	30	7954
chr9	6	31	9592
chr9	6	32	13285
chr9	6	33	17127
chr9	6	34	14831
chr9	6	35	12687
chr9	6	36	8647
chr9	6	37	6203
chr9	6	38	4287
chr9	6	39	2971
chr9	6	40	2223
chr9	6	41	1532
chr9	6	42	1079
chr9	6	43	739
chr9	6	44	532
chr9	6	45	389
chr9	6	46	328
chr9	6	47	212
chr9	6	48	222
chr9	6	49	200
chr9	6	50	195
chr9	6	51	216
chr9	6	52	225
chr9	6	53	287
chr9	6	54	304
chr9	6	55	360
chr9	6	56	363
chr9	6	57	346
chr9	6	58	337
chr9	6	59	280
chr9	6	60	198
chr9	6	61	135
chr9	6	62	84
chr9	6	63	30
chr9	6	64	15
chr9	6	65	4
chr9	6	66	2
chr10	6	7	258
chr10	6	8	265
chr10	6	9	305
chr10	6	10	363
chr10	6	11	386
chr10	6	12	460
chr10	6	13	535
chr10	6	14	522
chr10	6	15	642
chr10	6	16	692
chr10	6	17	769
chr10	6	18	945
chr10	6	19	1006
chr10	6	20	1185
chr10	6	21	1404
chr10	6	22	1737
chr10	6	23	1847
chr10	6	24	2840
chr10	6	25	2640
chr10	6	26	4418
chr10	6	27	5019
chr10	6	28	7244
chr10	6	29	7933
chr10	6	30	9645
chr10	6	31	11962
chr10	6	32	16038
chr10	6	33	20442
chr10	6	34	17874
chr10	6	35	15290
chr10	6	36	10371
chr10	6	37	7461
chr10	6	38	5198
chr10	6	39	3554
chr10	6	40	2589
chr10	6	41	1884
chr10	6	42	1288
chr10	6	43	887
chr10	6	44	654
chr10	6	45	466
chr10	6	46	365
chr10	6	47	299
chr10	6	48	249
chr10	6	49	208
chr10	6	50	220
chr10	6	51	225
chr10	6	52	281
chr10	6	53	295
chr10	6	54	373
chr10	6	55	414
chr10	6	56	417
chr10	6	57	453
chr10	6	58	425
chr10	6	59	319
chr10	6	60	232
chr10	6	61	135
chr10	6	62	83
chr10	6	63	35
chr10	6	64	23
chr10	6	65	14
chr10	6	66	1
chr10	6	68	1
chr11	6	7	233
chr11	6	8	309
chr11	6	9	331
chr11	6	10	355
chr11	6	11	407
chr11	6	12	470
chr11	6	13	506
chr11	6	14	580
chr11	6	15	623
chr11	6	16	683
chr11	6	17	768
chr11	6	18	905
chr11	6	19	1023
chr11	6	20	1248
chr11	6	21	1311
chr11	6	22	1743
chr11	6	23	1967
chr11	6	24	2969
chr11	6	25	2729
chr11	6	26	4461
chr11	6	27	5084
chr11	6	28	7429
chr11	6	29	7877
chr11	6	30	9369
chr11	6	31	11491
chr11	6	32	15514
chr11	6	33	20280
chr11	6	34	17836
chr11	6	35	15124
chr11	6	36	10121
chr11	6	37	7508
chr11	6	38	5147
chr11	6	39	3631
chr11	6	40	2652
chr11	6	41	1739
chr11	6	42	1321
chr11	6	43	901
chr11	6	44	651
chr11	6	45	439
chr11	6	46	352
chr11	6	47	294
chr11	6	48	263
chr11	6	49	236
chr11	6	50	219
chr11	6	51	246
chr11	6	52	281
chr11	6	53	309
chr11	6	54	364
chr11	6	55	407
chr11	6	56	464
chr11	6	57	427
chr11	6	58	378
chr11	6	59	308
chr11	6	60	210
chr11	6	61	171
chr11	6	62	91
chr11	6	63	51
chr11	6	64	12
chr11	6	65	8
chr11	6	66	1
chr11	6	67	1
chr12	6	7	197
chr12	6	8	262
chr12	6	9	298
chr12	6	10	363
chr12	6	11	394
chr12	6	12	409
chr12	6	13	460
chr12	6	14	485
chr12	6	15	595
chr12	6	16	712
chr12	6	17	752
chr12	6	18	876
chr12	6	19	972
chr12	6	20	1179
chr12	6	21	1287
chr12	6	22	1706
chr12	6	23	1840
chr12	6	24	2755
chr12	6	25	2633
chr12	6	26	4277
chr12	6	27	4927
chr12	6	28	7329
chr12	6	29	7933
chr12	6	30	9455
chr12	6	31	10982
chr12	6	32	15184
chr12	6	33	19807
chr12	6	34	17077
chr12	6	35	14831
chr12	6	36	9974
chr12	6	37	7391
chr12	6	38	5111
chr12	6	39	3413
chr12	6	40	2433
chr12	6	41	1718
chr12	6	42	1163
chr12	6	43	824
chr12	6	44	677
chr12	6	45	429
chr12	6	46	335
chr12	6	47	274
chr12	6	48	242
chr12	6	49	245
chr12	6	50	214
chr12	6	51	220
chr12	6	52	266
chr12	6	53	311
chr12	6	54	351
chr12	6	55	422
chr12	6	56	386
chr12	6	57	434
chr12	6	58	402
chr12	6	59	287
chr12	6	60	245
chr12	6	61	166
chr12	6	62	97
chr12	6	63	58
chr12	6	64	17
chr12	6	65	14
chr12	6	66	6
chr12	6	67	3
chr13	6	7	143
chr13	6	8	187
chr13	6	9	182
chr13	6	10	223
chr13	6	11	241
chr13	6	12	295
chr13	6	13	321
chr13	6	14	356
chr13	6	15	398
chr13	6	16	465
chr13	6	17	489
chr13	6	18	601
chr13	6	19	667
chr13	6	20	871
chr13	6	21	924
chr13	6	22	1105
chr13	6	23	1260
chr13	6	24	1891
chr13	6	25	1818
chr13	6	26	3069
chr13	6	27	3365
chr13	6	28	4946
chr13	6	29	5493
chr13	6	30	6350
chr13	6	31	7810
chr13	6	32	10869
chr13	6	33	14560
chr13	6	34	12412
chr13	6	35	10560
chr13	6	36	7237
chr13	6	37	5189
chr13	6	38	3512
chr13	6	39	2522
chr13	6	40	1840
chr13	6	41	1276
chr13	6	42	892
chr13	6	43	618
chr13	6	44	436
chr13	6	45	291
chr13	6	46	244
chr13	6	47	178
chr13	6	48	165
chr13	6	49	155
chr13	6	50	146
chr13	6	51	147
chr13	6	52	142
chr13	6	53	232
chr13	6	54	212
chr13	6	55	263
chr13	6	56	296
chr13	6	57	286
chr13	6	58	236
chr13	6	59	188
chr13	6	60	143
chr13	6	61	110
chr13	6	62	65
chr13	6	63	31
chr13	6	64	14
chr13	6	65	4
chr13	6	66	2
chr14	6	7	163
chr14	6	8	159
chr14	6	9	194
chr14	6	10	230
chr14	6	11	283
chr14	6	12	299
chr14	6	13	325
chr14	6	14	354
chr14	6	15	416
chr14	6	16	429
chr14	6	17	538
chr14	6	18	606
chr14	6	19	656
chr14	6	20	815
chr14	6	21	864
chr14	6	22	1158
chr14	6	23	1241
chr14	6	24	1850
chr14	6	25	1715
chr14	6	26	2924
chr14	6	27	3305
chr14	6	28	4845
chr14	6	29	5333
chr14	6	30	6043
chr14	6	31	7515
chr14	6	32	10240
chr14	6	33	13356
chr14	6	34	11767
chr14	6	35	9793
chr14	6	36	6929
chr14	6	37	4884
chr14	6	38	3416
chr14	6	39	2282
chr14	6	40	1777
chr14	6	41	1148
chr14	6	42	905
chr14	6	43	587
chr14	6	44	425
chr14	6	45	286
chr14	6	46	241
chr14	6	47	189
chr14	6	48	157
chr14	6	49	157
chr14	6	50	144
chr14	6	51	160
chr14	6	52	177
chr14	6	53	212
chr14	6	54	238
chr14	6	55	242
chr14	6	56	303
chr14	6	57	289
chr14	6	58	276
chr14	6	59	220
chr14	6	60	159
chr14	6	61	117
chr14	6	62	66
chr14	6	63	35
chr14	6	64	13
chr14	6	65	8
chr14	6	66	1
chr14	6	67	2
chr15	6	7	136
chr15	6	8	165
chr15	6	9	175
chr15	6	10	209
chr15	6	11	242
chr15	6	12	261
chr15	6	13	322
chr15	6	14	336
chr15	6	15	410
chr15	6	16	445
chr15	6	17	468
chr15	6	18	566
chr15	6	19	662
chr15	6	20	759
chr15	6	21	846
chr15	6	22	1102
chr15	6	23	1220
chr15	6	24	1771
chr15	6	25	1677
chr15	6	26	2684
chr15	6	27	3055
chr15	6	28	4522
chr15	6	29	5014
chr15	6	30	5934
chr15	6	31	6979
chr15	6	32	9540
chr15	6	33	12251
chr15	6	34	10801
chr15	6	35	9300
chr15	6	36	6182
chr15	6	37	4421
chr15	6	38	3091
chr15	6	39	2168
chr15	6	40	1549
chr15	6	41	1058
chr15	6	42	766
chr15	6	43	579
chr15	6	44	354
chr15	6	45	292
chr15	6	46	178
chr15	6	47	164
chr15	6	48	167
chr15	6	49	143
chr15	6	50	152
chr15	6	51	152
chr15	6	52	165
chr15	6	53	186
chr15	6	54	240
chr15	6	55	253
chr15	6	56	279
chr15	6	57	266
chr15	6	58	261
chr15	6	59	222
chr15	6	60	174
chr15	6	61	110
chr15	6	62	69
chr15	6	63	31
chr15	6	64	12
chr15	6	65	7
chr15	6	66	2
chr15	6	67	1
chr16	6	7	128
chr16	6	8	208
chr16	6	9	191
chr16	6	10	205
chr16	6	11	262
chr16	6	12	293
chr16	6	13	328
chr16	6	14	328
chr16	6	15	397
chr16	6	16	418
chr16	6	17	471
chr16	6	18	603
chr16	6	19	630
chr16	6	20	766
chr16	6	21	850
chr16	6	22	1074
chr16	6	23	1159
chr16	6	24	1664
chr16	6	25	1710
chr16	6	26	2702
chr16	6	27	2974
chr16	6	28	4347
chr16	6	29	4893
chr16	6	30	5724
chr16	6	31	6861
chr16	6	32	9399
chr16	6	33	12382
chr16	6	34	10656
chr16	6	35	8861
chr16	6	36	5975
chr16	6	37	4366
chr16	6	38	3046
chr16	6	39	2064
chr16	6	40	1514
chr16	6	41	1043
chr16	6	42	729
chr16	6	43	534
chr16	6	44	339
chr16	6	45	285
chr16	6	46	189
chr16	6	47	164
chr16	6	48	154
chr16	6	49	140
chr16	6	50	134
chr16	6	51	145
chr16	6	52	156
chr16	6	53	200
chr16	6	54	229
chr16	6	55	264
chr16	6	56	276
chr16	6	57	297
chr16	6	58	233
chr16	6	59	195
chr16	6	60	158
chr16	6	61	115
chr16	6	62	49
chr16	6	63	32
chr16	6	64	22
chr16	6	65	4
chr16	6	66	5
chr16	6	67	1
chr17	6	7	136
chr17	6	8	191
chr17	6	9	198
chr17	6	10	237
chr17	6	11	249
chr17	6	12	306
chr17	6	13	331
chr17	6	14	345
chr17	6	15	422
chr17	6	16	442
chr17	6	17	449
chr17	6	18	612
chr17	6	19	618
chr17	6	20	761
chr17	6	21	870
chr17	6	22	1056
chr17	6	23	1193
chr17	6	24	1834
chr17	6	25	1725
chr17	6	26	2746
chr17	6	27	3097
chr17	6	28	4449
chr17	6	29	5012
chr17	6	30	5711
chr17	6	31	6989
chr17	6	32	9336
chr17	6	33	11671
chr17	6	34	10286
chr17	6	35	8688
chr17	6	36	5857
chr17	6	37	4151
chr17	6	38	2783
chr17	6	39	1900
chr17	6	40	1414
chr17	6	41	997
chr17	6	42	682
chr17	6	43	475
chr17	6	44	362
chr17	6	45	281
chr17	6	46	241
chr17	6	47	175
chr17	6	48	121
chr17	6	49	176
chr17	6	50	162
chr17	6	51	175
chr17	6	52	210
chr17	6	53	189
chr17	6	54	233
chr17	6	55	275
chr17	6	56	280
chr17	6	57	320
chr17	6	58	261
chr17	6	59	211
chr17	6	60	181
chr17	6	61	99
chr17	6	62	68
chr17	6	63	39
chr17	6	64	11
chr17	6	65	4
chr17	6	66	1
chr18	6	7	133
chr18	6	8	160
chr18	6	9	150
chr18	6	10	187
chr18	6	11	209
chr18	6	12	233
chr18	6	13	298
chr18	6	14	329
chr18	6	15	342
chr18	6	16	389
chr18	6	17	422
chr18	6	18	467
chr18	6	19	494
chr18	6	20	698
chr18	6	21	747
chr18	6	22	949
chr18	6	23	1051
chr18	6	24	1601
chr18	6	25	1463
chr18	6	26	2461
chr18	6	27	2712
chr18	6	28	4022
chr18	6	29	4516
chr18	6	30	5436
chr18	6	31	6501
chr18	6	32	9006
chr18	6	33	11856
chr18	6	34	10442
chr18	6	35	8860
chr18	6	36	5927
chr18	6	37	4383
chr18	6	38	3051
chr18	6	39	2125
chr18	6	40	1585
chr18	6	41	1056
chr18	6	42	807
chr18	6	43	535
chr18	6	44	396
chr18	6	45	242
chr18	6	46	198
chr18	6	47	151
chr18	6	48	134
chr18	6	49	114
chr18	6	50	105
chr18	6	51	123
chr18	6	52	134
chr18	6	53	170
chr18	6	54	192
chr18	6	55	235
chr18	6	56	250
chr18	6	57	255
chr18	6	58	210
chr18	6	59	156
chr18	6	60	108
chr18	6	61	71
chr18	6	62	62
chr18	6	63	18
chr18	6	64	10
chr18	6	65	7
chr18	6	66	3
chr18	6	67	1
chr18	6	69	1
chr19	6	7	91
chr19	6	8	123
chr19	6	9	133
chr19	6	10	169
chr19	6	11	170
chr19	6	12	203
chr19	6	13	235
chr19	6	14	216
chr19	6	15	286
chr19	6	16	293
chr19	6	17	293
chr19	6	18	438
chr19	6	19	471
chr19	6	20	583
chr19	6	21	577
chr19	6	22	720
chr19	6	23	786
chr19	6	24	1224
chr19	6	25	1171
chr19	6	26	1769
chr19	6	27	2081
chr19	6	28	2947
chr19	6	29	3171
chr19	6	30	3776
chr19	6	31	4539
chr19	6	32	5634
chr19	6	33	7249
chr19	6	34	6525
chr19	6	35	5318
chr19	6	36	3557
chr19	6	37	2469
chr19	6	38	1766
chr19	6	39	1174
chr19	6	40	856
chr19	6	41	549
chr19	6	42	419
chr19	6	43	267
chr19	6	44	226
chr19	6	45	159
chr19	6	46	126
chr19	6	47	94
chr19	6	48	106
chr19	6	49	95
chr19	6	50	75
chr19	6	51	93
chr19	6	52	82
chr19	6	53	123
chr19	6	54	153
chr19	6	55	173
chr19	6	56	186
chr19	6	57	184
chr19	6	58	197
chr19	6	59	109
chr19	6	60	108
chr19	6	61	58
chr19	6	62	34
chr19	6	63	20
chr19	6	64	3
chr19	6	65	3
chr19	6	66	1
chr20	6	7	115
chr20	6	8	132
chr20	6	9	168
chr20	6	10	168
chr20	6	11	226
chr20	6	12	251
chr20	6	13	302
chr20	6	14	306
chr20	6	15	320
chr20	6	16	359
chr20	6	17	378
chr20	6	18	490
chr20	6	19	552
chr20	6	20	643
chr20	6	21	666
chr20	6	22	896
chr20	6	23	967
chr20	6	24	1448
chr20	6	25	1352
chr20	6	26	2224
chr20	6	27	2578
chr20	6	28	3780
chr20	6	29	4072
chr20	6	30	4869
chr20	6	31	5961
chr20	6	32	7975
chr20	6	33	10226
chr20	6	34	9011
chr20	6	35	7562
chr20	6	36	5289
chr20	6	37	3790
chr20	6	38	2524
chr20	6	39	1835
chr20	6	40	1330
chr20	6	41	904
chr20	6	42	636
chr20	6	43	439
chr20	6	44	328
chr20	6	45	229
chr20	6	46	176
chr20	6	47	143
chr20	6	48	122
chr20	6	49	127
chr20	6	50	102
chr20	6	51	131
chr20	6	52	142
chr20	6	53	152
chr20	6	54	201
chr20	6	55	243
chr20	6	56	250
chr20	6	57	238
chr20	6	58	222
chr20	6	59	164
chr20	6	60	152
chr20	6	61	82
chr20	6	62	36
chr20	6	63	18
chr20	6	64	12
chr20	6	65	8
chr20	6	66	1
chr20	6	67	1
chr21	6	7	62
chr21	6	8	73
chr21	6	9	83
chr21	6	10	93
chr21	6	11	99
chr21	6	12	118
chr21	6	13	115
chr21	6	14	132
chr21	6	15	149
chr21	6	16	175
chr21	6	17	222
chr21	6	18	251
chr21	6	19	253
chr21	6	20	302
chr21	6	21	354
chr21	6	22	456
chr21	6	23	465
chr21	6	24	744
chr21	6	25	711
chr21	6	26	1215
chr21	6	27	1351
chr21	6	28	1938
chr21	6	29	2129
chr21	6	30	2490
chr21	6	31	3037
chr21	6	32	4002
chr21	6	33	5312
chr21	6	34	4607
chr21	6	35	3819
chr21	6	36	2584
chr21	6	37	1915
chr21	6	38	1426
chr21	6	39	944
chr21	6	40	680
chr21	6	41	466
chr21	6	42	314
chr21	6	43	219
chr21	6	44	141
chr21	6	45	113
chr21	6	46	100
chr21	6	47	71
chr21	6	48	71
chr21	6	49	53
chr21	6	50	61
chr21	6	51	47
chr21	6	52	69
chr21	6	53	86
chr21	6	54	78
chr21	6	55	102
chr21	6	56	111
chr21	6	57	111
chr21	6	58	112
chr21	6	59	87
chr21	6	60	56
chr21	6	61	32
chr21	6	62	18
chr21	6	63	15
chr21	6	64	4
chr21	6	65	2
chr22	6	7	74
chr22	6	8	87
chr22	6	9	103
chr22	6	10	115
chr22	6	11	117
chr22	6	12	147
chr22	6	13	151
chr22	6	14	189
chr22	6	15	218
chr22	6	16	210
chr22	6	17	255
chr22	6	18	311
chr22	6	19	304
chr22	6	20	389
chr22	6	21	408
chr22	6	22	530
chr22	6	23	578
chr22	6	24	819
chr22	6	25	812
chr22	6	26	1285
chr22	6	27	1507
chr22	6	28	2151
chr22	6	29	2373
chr22	6	30	2791
chr22	6	31	3406
chr22	6	32	4394
chr22	6	33	5566
chr22	6	34	4782
chr22	6	35	3994
chr22	6	36	2814
chr22	6	37	1992
chr22	6	38	1309
chr22	6	39	991
chr22	6	40	630
chr22	6	41	461
chr22	6	42	360
chr22	6	43	250
chr22	6	44	186
chr22	6	45	126
chr22	6	46	92
chr22	6	47	102
chr22	6	48	76
chr22	6	49	74
chr22	6	50	73
chr22	6	51	98
chr22	6	52	77
chr22	6	53	126
chr22	6	54	119
chr22	6	55	134
chr22	6	56	145
chr22	6	57	149
chr22	6	58	134
chr22	6	59	108
chr22	6	60	81
chr22	6	61	63
chr22	6	62	27
chr22	6	63	15
chr22	6	64	10
chr22	6	65	2
chr22	6	67	1
chrX	6	7	176
chrX	6	8	245
chrX	6	9	251
chrX	6	10	277
chrX	6	11	362
chrX	6	12	365
chrX	6	13	433
chrX	6	14	467
chrX	6	15	553
chrX	6	16	572
chrX	6	17	634
chrX	6	18	800
chrX	6	19	939
chrX	6	20	1014
chrX	6	21	1150
chrX	6	22	1382
chrX	6	23	1622
chrX	6	24	2264
chrX	6	25	2119
chrX	6	26	3582
chrX	6	27	4228
chrX	6	28	6292
chrX	6	29	7087
chrX	6	30	8405
chrX	6	31	10350
chrX	6	32	14827
chrX	6	33	19639
chrX	6	34	17308
chrX	6	35	15172
chrX	6	36	9948
chrX	6	37	7350
chrX	6	38	5113
chrX	6	39	3438
chrX	6	40	2554
chrX	6	41	1738
chrX	6	42	1313
chrX	6	43	781
chrX	6	44	622
chrX	6	45	425
chrX	6	46	329
chrX	6	47	225
chrX	6	48	187
chrX	6	49	182
chrX	6	50	168
chrX	6	51	205
chrX	6	52	208
chrX	6	53	278
chrX	6	54	308
chrX	6	55	336
chrX	6	56	352
chrX	6	57	340
chrX	6	58	320
chrX	6	59	266
chrX	6	60	185
chrX	6	61	100
chrX	6	62	70
chrX	6	63	41
chrX	6	64	23
chrX	6	65	6
chrX	6	66	3
chrX	6	67	1
chrX	6	68	1
chrY	6	7	3
chrY	6	8	1
chrY	6	9	1
chrY	6	10	3
chrY	6	11	6
chrY	6	12	4
chrY	6	13	3
chrY	6	14	4
chrY	6	15	8
chrY	6	16	7
chrY	6	17	7
chrY	6	18	6
chrY	6	19	15
chrY	6	20	11
chrY	6	21	14
chrY	6	22	21
chrY	6	23	25
chrY	6	24	40
chrY	6	25	38
chrY	6	26	63
chrY	6	27	60
chrY	6	28	72
chrY	6	29	63
chrY	6	30	82
chrY	6	31	74
chrY	6	32	67
chrY	6	33	81
chrY	6	34	66
chrY	6	35	56
chrY	6	36	46
chrY	6	37	18
chrY	6	38	16
chrY	6	39	10
chrY	6	40	10
chrY	6	41	5
chrY	6	42	6
chrY	6	44	1
chrY	6	45	2
chrY	6	46	1
chrY	6	49	2
chrY	6	50	3
chrY	6	51	3
chrY	6	55	1
chrY	6	58	2
chrY	6	59	3
chrM	6	8	1
chrM	6	17	2
chrM	6	19	2
chrM	6	22	1
chrM	6	23	3
chrM	6	24	1
chrM	6	25	1
chrM	6	26	1
chrM	6	27	1
chrM	6	28	4
chrM	6	39	1
chrM	6	44	1
