##Chromosome	MAQP	Length	ReadsNums
chr1	6	7	309
chr1	6	8	440
chr1	6	9	463
chr1	6	10	558
chr1	6	11	610
chr1	6	12	726
chr1	6	13	753
chr1	6	14	885
chr1	6	15	1022
chr1	6	16	1090
chr1	6	17	1191
chr1	6	18	1381
chr1	6	19	1497
chr1	6	20	1676
chr1	6	21	1893
chr1	6	22	2288
chr1	6	23	2655
chr1	6	24	3617
chr1	6	25	3556
chr1	6	26	5843
chr1	6	27	6795
chr1	6	28	10043
chr1	6	29	11650
chr1	6	30	14077
chr1	6	31	17489
chr1	6	32	24469
chr1	6	33	32625
chr1	6	34	29064
chr1	6	35	25040
chr1	6	36	17281
chr1	6	37	12353
chr1	6	38	8687
chr1	6	39	5942
chr1	6	40	4403
chr1	6	41	3024
chr1	6	42	2341
chr1	6	43	1519
chr1	6	44	1156
chr1	6	45	839
chr1	6	46	730
chr1	6	47	505
chr1	6	48	471
chr1	6	49	448
chr1	6	50	441
chr1	6	51	421
chr1	6	52	514
chr1	6	53	643
chr1	6	54	666
chr1	6	55	829
chr1	6	56	856
chr1	6	57	780
chr1	6	58	702
chr1	6	59	579
chr1	6	60	407
chr1	6	61	300
chr1	6	62	150
chr1	6	63	83
chr1	6	64	43
chr1	6	65	21
chr1	6	66	10
chr1	6	67	1
chr1	6	68	2
chr2	6	7	357
chr2	6	8	393
chr2	6	9	472
chr2	6	10	520
chr2	6	11	695
chr2	6	12	739
chr2	6	13	833
chr2	6	14	883
chr2	6	15	962
chr2	6	16	1035
chr2	6	17	1135
chr2	6	18	1377
chr2	6	19	1459
chr2	6	20	1762
chr2	6	21	1973
chr2	6	22	2332
chr2	6	23	2608
chr2	6	24	3678
chr2	6	25	3566
chr2	6	26	5865
chr2	6	27	6997
chr2	6	28	10241
chr2	6	29	11782
chr2	6	30	14633
chr2	6	31	17891
chr2	6	32	25792
chr2	6	33	34789
chr2	6	34	30645
chr2	6	35	26558
chr2	6	36	18507
chr2	6	37	13175
chr2	6	38	9368
chr2	6	39	6422
chr2	6	40	4861
chr2	6	41	3297
chr2	6	42	2408
chr2	6	43	1702
chr2	6	44	1289
chr2	6	45	899
chr2	6	46	742
chr2	6	47	529
chr2	6	48	474
chr2	6	49	409
chr2	6	50	402
chr2	6	51	433
chr2	6	52	495
chr2	6	53	548
chr2	6	54	645
chr2	6	55	740
chr2	6	56	844
chr2	6	57	768
chr2	6	58	732
chr2	6	59	588
chr2	6	60	450
chr2	6	61	275
chr2	6	62	168
chr2	6	63	94
chr2	6	64	47
chr2	6	65	18
chr2	6	66	10
chr2	6	67	2
chr2	6	68	2
chr3	6	7	263
chr3	6	8	322
chr3	6	9	363
chr3	6	10	434
chr3	6	11	530
chr3	6	12	557
chr3	6	13	664
chr3	6	14	774
chr3	6	15	780
chr3	6	16	920
chr3	6	17	931
chr3	6	18	1107
chr3	6	19	1215
chr3	6	20	1337
chr3	6	21	1544
chr3	6	22	1829
chr3	6	23	2030
chr3	6	24	2999
chr3	6	25	2791
chr3	6	26	4882
chr3	6	27	5633
chr3	6	28	8331
chr3	6	29	9648
chr3	6	30	11750
chr3	6	31	14581
chr3	6	32	20658
chr3	6	33	27844
chr3	6	34	24749
chr3	6	35	21423
chr3	6	36	14796
chr3	6	37	10632
chr3	6	38	7537
chr3	6	39	5051
chr3	6	40	3928
chr3	6	41	2647
chr3	6	42	1980
chr3	6	43	1436
chr3	6	44	1059
chr3	6	45	737
chr3	6	46	541
chr3	6	47	432
chr3	6	48	410
chr3	6	49	356
chr3	6	50	339
chr3	6	51	339
chr3	6	52	424
chr3	6	53	465
chr3	6	54	592
chr3	6	55	659
chr3	6	56	667
chr3	6	57	652
chr3	6	58	585
chr3	6	59	444
chr3	6	60	366
chr3	6	61	226
chr3	6	62	137
chr3	6	63	79
chr3	6	64	31
chr3	6	65	13
chr3	6	66	9
chr3	6	67	1
chr4	6	7	243
chr4	6	8	317
chr4	6	9	308
chr4	6	10	373
chr4	6	11	457
chr4	6	12	478
chr4	6	13	584
chr4	6	14	622
chr4	6	15	752
chr4	6	16	744
chr4	6	17	872
chr4	6	18	945
chr4	6	19	1034
chr4	6	20	1291
chr4	6	21	1369
chr4	6	22	1685
chr4	6	23	1912
chr4	6	24	2645
chr4	6	25	2534
chr4	6	26	4285
chr4	6	27	5042
chr4	6	28	7463
chr4	6	29	8413
chr4	6	30	10372
chr4	6	31	13009
chr4	6	32	18936
chr4	6	33	25162
chr4	6	34	22336
chr4	6	35	19054
chr4	6	36	13472
chr4	6	37	9689
chr4	6	38	6857
chr4	6	39	4818
chr4	6	40	3530
chr4	6	41	2494
chr4	6	42	1906
chr4	6	43	1285
chr4	6	44	978
chr4	6	45	638
chr4	6	46	481
chr4	6	47	387
chr4	6	48	334
chr4	6	49	291
chr4	6	50	285
chr4	6	51	275
chr4	6	52	325
chr4	6	53	392
chr4	6	54	444
chr4	6	55	509
chr4	6	56	588
chr4	6	57	605
chr4	6	58	510
chr4	6	59	423
chr4	6	60	291
chr4	6	61	217
chr4	6	62	127
chr4	6	63	63
chr4	6	64	22
chr4	6	65	12
chr4	6	66	3
chr4	6	68	1
chr5	6	7	224
chr5	6	8	289
chr5	6	9	333
chr5	6	10	393
chr5	6	11	428
chr5	6	12	540
chr5	6	13	561
chr5	6	14	570
chr5	6	15	668
chr5	6	16	754
chr5	6	17	853
chr5	6	18	999
chr5	6	19	1079
chr5	6	20	1272
chr5	6	21	1340
chr5	6	22	1667
chr5	6	23	1881
chr5	6	24	2666
chr5	6	25	2577
chr5	6	26	4234
chr5	6	27	5061
chr5	6	28	7331
chr5	6	29	8477
chr5	6	30	10542
chr5	6	31	13063
chr5	6	32	18439
chr5	6	33	25048
chr5	6	34	22331
chr5	6	35	19052
chr5	6	36	13362
chr5	6	37	9551
chr5	6	38	6877
chr5	6	39	4614
chr5	6	40	3654
chr5	6	41	2423
chr5	6	42	1763
chr5	6	43	1325
chr5	6	44	932
chr5	6	45	632
chr5	6	46	508
chr5	6	47	366
chr5	6	48	331
chr5	6	49	326
chr5	6	50	305
chr5	6	51	341
chr5	6	52	364
chr5	6	53	405
chr5	6	54	479
chr5	6	55	584
chr5	6	56	599
chr5	6	57	548
chr5	6	58	518
chr5	6	59	400
chr5	6	60	301
chr5	6	61	201
chr5	6	62	111
chr5	6	63	58
chr5	6	64	25
chr5	6	65	13
chr5	6	66	2
chr5	6	67	2
chr6	6	7	228
chr6	6	8	273
chr6	6	9	319
chr6	6	10	400
chr6	6	11	415
chr6	6	12	532
chr6	6	13	526
chr6	6	14	614
chr6	6	15	648
chr6	6	16	735
chr6	6	17	810
chr6	6	18	932
chr6	6	19	998
chr6	6	20	1206
chr6	6	21	1315
chr6	6	22	1634
chr6	6	23	1736
chr6	6	24	2546
chr6	6	25	2342
chr6	6	26	4043
chr6	6	27	4906
chr6	6	28	7166
chr6	6	29	8129
chr6	6	30	9972
chr6	6	31	12470
chr6	6	32	17770
chr6	6	33	23928
chr6	6	34	20797
chr6	6	35	18343
chr6	6	36	12368
chr6	6	37	9118
chr6	6	38	6324
chr6	6	39	4295
chr6	6	40	3239
chr6	6	41	2287
chr6	6	42	1578
chr6	6	43	1177
chr6	6	44	883
chr6	6	45	627
chr6	6	46	463
chr6	6	47	413
chr6	6	48	325
chr6	6	49	282
chr6	6	50	282
chr6	6	51	281
chr6	6	52	379
chr6	6	53	400
chr6	6	54	443
chr6	6	55	535
chr6	6	56	554
chr6	6	57	572
chr6	6	58	515
chr6	6	59	416
chr6	6	60	320
chr6	6	61	195
chr6	6	62	125
chr6	6	63	61
chr6	6	64	28
chr6	6	65	11
chr6	6	66	1
chr6	6	67	1
chr7	6	7	243
chr7	6	8	237
chr7	6	9	287
chr7	6	10	367
chr7	6	11	405
chr7	6	12	444
chr7	6	13	541
chr7	6	14	566
chr7	6	15	647
chr7	6	16	696
chr7	6	17	689
chr7	6	18	855
chr7	6	19	936
chr7	6	20	1076
chr7	6	21	1169
chr7	6	22	1475
chr7	6	23	1572
chr7	6	24	2329
chr7	6	25	2145
chr7	6	26	3613
chr7	6	27	4284
chr7	6	28	6363
chr7	6	29	7350
chr7	6	30	8924
chr7	6	31	10934
chr7	6	32	15615
chr7	6	33	21086
chr7	6	34	18807
chr7	6	35	15995
chr7	6	36	11156
chr7	6	37	8158
chr7	6	38	5647
chr7	6	39	3870
chr7	6	40	2883
chr7	6	41	1952
chr7	6	42	1494
chr7	6	43	1054
chr7	6	44	806
chr7	6	45	590
chr7	6	46	426
chr7	6	47	329
chr7	6	48	269
chr7	6	49	266
chr7	6	50	242
chr7	6	51	262
chr7	6	52	292
chr7	6	53	359
chr7	6	54	386
chr7	6	55	465
chr7	6	56	421
chr7	6	57	469
chr7	6	58	407
chr7	6	59	357
chr7	6	60	235
chr7	6	61	183
chr7	6	62	106
chr7	6	63	54
chr7	6	64	26
chr7	6	65	12
chr7	6	66	3
chr7	6	67	1
chr7	6	69	1
chr8	6	7	208
chr8	6	8	242
chr8	6	9	317
chr8	6	10	320
chr8	6	11	398
chr8	6	12	391
chr8	6	13	471
chr8	6	14	532
chr8	6	15	585
chr8	6	16	637
chr8	6	17	706
chr8	6	18	812
chr8	6	19	894
chr8	6	20	1100
chr8	6	21	1224
chr8	6	22	1391
chr8	6	23	1589
chr8	6	24	2183
chr8	6	25	2168
chr8	6	26	3526
chr8	6	27	4191
chr8	6	28	6120
chr8	6	29	6996
chr8	6	30	8649
chr8	6	31	10777
chr8	6	32	15400
chr8	6	33	20778
chr8	6	34	18801
chr8	6	35	16187
chr8	6	36	11202
chr8	6	37	8016
chr8	6	38	5750
chr8	6	39	3851
chr8	6	40	2963
chr8	6	41	1965
chr8	6	42	1520
chr8	6	43	1023
chr8	6	44	802
chr8	6	45	571
chr8	6	46	451
chr8	6	47	292
chr8	6	48	297
chr8	6	49	236
chr8	6	50	256
chr8	6	51	261
chr8	6	52	298
chr8	6	53	364
chr8	6	54	375
chr8	6	55	437
chr8	6	56	439
chr8	6	57	462
chr8	6	58	431
chr8	6	59	321
chr8	6	60	219
chr8	6	61	159
chr8	6	62	105
chr8	6	63	32
chr8	6	64	19
chr8	6	65	10
chr8	6	66	1
chr8	6	67	1
chr9	6	7	163
chr9	6	8	208
chr9	6	9	243
chr9	6	10	262
chr9	6	11	301
chr9	6	12	353
chr9	6	13	402
chr9	6	14	390
chr9	6	15	469
chr9	6	16	493
chr9	6	17	612
chr9	6	18	698
chr9	6	19	760
chr9	6	20	870
chr9	6	21	998
chr9	6	22	1192
chr9	6	23	1292
chr9	6	24	1815
chr9	6	25	1644
chr9	6	26	2769
chr9	6	27	3383
chr9	6	28	4918
chr9	6	29	5678
chr9	6	30	6756
chr9	6	31	8511
chr9	6	32	12279
chr9	6	33	16372
chr9	6	34	14403
chr9	6	35	12313
chr9	6	36	8624
chr9	6	37	6151
chr9	6	38	4219
chr9	6	39	2870
chr9	6	40	2190
chr9	6	41	1493
chr9	6	42	1153
chr9	6	43	861
chr9	6	44	583
chr9	6	45	417
chr9	6	46	311
chr9	6	47	251
chr9	6	48	220
chr9	6	49	213
chr9	6	50	213
chr9	6	51	194
chr9	6	52	237
chr9	6	53	253
chr9	6	54	308
chr9	6	55	400
chr9	6	56	376
chr9	6	57	395
chr9	6	58	355
chr9	6	59	268
chr9	6	60	201
chr9	6	61	150
chr9	6	62	82
chr9	6	63	46
chr9	6	64	11
chr9	6	65	9
chr9	6	66	2
chr9	6	67	2
chr10	6	7	187
chr10	6	8	247
chr10	6	9	264
chr10	6	10	337
chr10	6	11	360
chr10	6	12	428
chr10	6	13	465
chr10	6	14	522
chr10	6	15	605
chr10	6	16	646
chr10	6	17	682
chr10	6	18	811
chr10	6	19	815
chr10	6	20	997
chr10	6	21	1151
chr10	6	22	1336
chr10	6	23	1456
chr10	6	24	2174
chr10	6	25	2100
chr10	6	26	3365
chr10	6	27	3817
chr10	6	28	5938
chr10	6	29	6797
chr10	6	30	8384
chr10	6	31	10174
chr10	6	32	14704
chr10	6	33	19333
chr10	6	34	17405
chr10	6	35	14842
chr10	6	36	10411
chr10	6	37	7545
chr10	6	38	5280
chr10	6	39	3595
chr10	6	40	2738
chr10	6	41	1886
chr10	6	42	1310
chr10	6	43	944
chr10	6	44	735
chr10	6	45	531
chr10	6	46	434
chr10	6	47	293
chr10	6	48	259
chr10	6	49	230
chr10	6	50	253
chr10	6	51	273
chr10	6	52	290
chr10	6	53	358
chr10	6	54	377
chr10	6	55	457
chr10	6	56	502
chr10	6	57	482
chr10	6	58	420
chr10	6	59	365
chr10	6	60	258
chr10	6	61	160
chr10	6	62	109
chr10	6	63	32
chr10	6	64	24
chr10	6	65	16
chr10	6	66	4
chr10	6	67	4
chr10	6	69	1
chr11	6	7	198
chr11	6	8	231
chr11	6	9	259
chr11	6	10	320
chr11	6	11	363
chr11	6	12	418
chr11	6	13	445
chr11	6	14	499
chr11	6	15	550
chr11	6	16	624
chr11	6	17	667
chr11	6	18	832
chr11	6	19	889
chr11	6	20	1001
chr11	6	21	1138
chr11	6	22	1416
chr11	6	23	1487
chr11	6	24	2163
chr11	6	25	2086
chr11	6	26	3357
chr11	6	27	3964
chr11	6	28	5834
chr11	6	29	6769
chr11	6	30	8075
chr11	6	31	10048
chr11	6	32	14534
chr11	6	33	19410
chr11	6	34	17266
chr11	6	35	14755
chr11	6	36	10273
chr11	6	37	7416
chr11	6	38	5258
chr11	6	39	3617
chr11	6	40	2729
chr11	6	41	1806
chr11	6	42	1361
chr11	6	43	904
chr11	6	44	678
chr11	6	45	503
chr11	6	46	400
chr11	6	47	332
chr11	6	48	271
chr11	6	49	264
chr11	6	50	234
chr11	6	51	263
chr11	6	52	299
chr11	6	53	335
chr11	6	54	386
chr11	6	55	485
chr11	6	56	516
chr11	6	57	461
chr11	6	58	451
chr11	6	59	317
chr11	6	60	253
chr11	6	61	175
chr11	6	62	86
chr11	6	63	35
chr11	6	64	26
chr11	6	65	5
chr11	6	66	3
chr11	6	67	1
chr11	6	68	1
chr12	6	7	164
chr12	6	8	209
chr12	6	9	259
chr12	6	10	304
chr12	6	11	374
chr12	6	12	392
chr12	6	13	436
chr12	6	14	510
chr12	6	15	540
chr12	6	16	625
chr12	6	17	657
chr12	6	18	786
chr12	6	19	781
chr12	6	20	1000
chr12	6	21	1117
chr12	6	22	1275
chr12	6	23	1454
chr12	6	24	2003
chr12	6	25	1983
chr12	6	26	3249
chr12	6	27	3843
chr12	6	28	5675
chr12	6	29	6586
chr12	6	30	7774
chr12	6	31	9915
chr12	6	32	13991
chr12	6	33	18835
chr12	6	34	16497
chr12	6	35	13826
chr12	6	36	9906
chr12	6	37	7287
chr12	6	38	5020
chr12	6	39	3507
chr12	6	40	2561
chr12	6	41	1768
chr12	6	42	1315
chr12	6	43	853
chr12	6	44	685
chr12	6	45	474
chr12	6	46	368
chr12	6	47	326
chr12	6	48	266
chr12	6	49	215
chr12	6	50	238
chr12	6	51	234
chr12	6	52	289
chr12	6	53	343
chr12	6	54	404
chr12	6	55	433
chr12	6	56	504
chr12	6	57	469
chr12	6	58	416
chr12	6	59	352
chr12	6	60	216
chr12	6	61	155
chr12	6	62	85
chr12	6	63	54
chr12	6	64	13
chr12	6	65	15
chr12	6	66	3
chr12	6	67	1
chr13	6	7	117
chr13	6	8	174
chr13	6	9	200
chr13	6	10	230
chr13	6	11	245
chr13	6	12	246
chr13	6	13	316
chr13	6	14	366
chr13	6	15	367
chr13	6	16	405
chr13	6	17	431
chr13	6	18	506
chr13	6	19	570
chr13	6	20	702
chr13	6	21	669
chr13	6	22	903
chr13	6	23	1009
chr13	6	24	1325
chr13	6	25	1334
chr13	6	26	2230
chr13	6	27	2617
chr13	6	28	3968
chr13	6	29	4586
chr13	6	30	5501
chr13	6	31	6940
chr13	6	32	9950
chr13	6	33	13344
chr13	6	34	11788
chr13	6	35	10086
chr13	6	36	7078
chr13	6	37	5064
chr13	6	38	3559
chr13	6	39	2441
chr13	6	40	1896
chr13	6	41	1251
chr13	6	42	932
chr13	6	43	619
chr13	6	44	500
chr13	6	45	329
chr13	6	46	256
chr13	6	47	210
chr13	6	48	164
chr13	6	49	162
chr13	6	50	161
chr13	6	51	169
chr13	6	52	176
chr13	6	53	236
chr13	6	54	273
chr13	6	55	272
chr13	6	56	320
chr13	6	57	300
chr13	6	58	273
chr13	6	59	192
chr13	6	60	161
chr13	6	61	115
chr13	6	62	72
chr13	6	63	33
chr13	6	64	19
chr13	6	65	10
chr13	6	66	4
chr14	6	7	129
chr14	6	8	155
chr14	6	9	185
chr14	6	10	177
chr14	6	11	218
chr14	6	12	239
chr14	6	13	296
chr14	6	14	360
chr14	6	15	378
chr14	6	16	409
chr14	6	17	436
chr14	6	18	545
chr14	6	19	570
chr14	6	20	648
chr14	6	21	780
chr14	6	22	870
chr14	6	23	1055
chr14	6	24	1368
chr14	6	25	1343
chr14	6	26	2274
chr14	6	27	2622
chr14	6	28	3955
chr14	6	29	4377
chr14	6	30	5376
chr14	6	31	6601
chr14	6	32	9503
chr14	6	33	12653
chr14	6	34	11467
chr14	6	35	9588
chr14	6	36	6848
chr14	6	37	4907
chr14	6	38	3337
chr14	6	39	2363
chr14	6	40	1695
chr14	6	41	1160
chr14	6	42	878
chr14	6	43	584
chr14	6	44	499
chr14	6	45	341
chr14	6	46	245
chr14	6	47	201
chr14	6	48	167
chr14	6	49	167
chr14	6	50	179
chr14	6	51	179
chr14	6	52	193
chr14	6	53	209
chr14	6	54	272
chr14	6	55	271
chr14	6	56	304
chr14	6	57	282
chr14	6	58	267
chr14	6	59	228
chr14	6	60	179
chr14	6	61	114
chr14	6	62	66
chr14	6	63	32
chr14	6	64	19
chr14	6	65	3
chr14	6	66	2
chr14	6	68	2
chr15	6	7	112
chr15	6	8	165
chr15	6	9	183
chr15	6	10	182
chr15	6	11	238
chr15	6	12	207
chr15	6	13	279
chr15	6	14	320
chr15	6	15	367
chr15	6	16	415
chr15	6	17	412
chr15	6	18	467
chr15	6	19	539
chr15	6	20	643
chr15	6	21	694
chr15	6	22	810
chr15	6	23	893
chr15	6	24	1314
chr15	6	25	1278
chr15	6	26	2094
chr15	6	27	2472
chr15	6	28	3588
chr15	6	29	4231
chr15	6	30	5139
chr15	6	31	6160
chr15	6	32	8864
chr15	6	33	11989
chr15	6	34	10663
chr15	6	35	9077
chr15	6	36	6386
chr15	6	37	4398
chr15	6	38	3167
chr15	6	39	2120
chr15	6	40	1546
chr15	6	41	1085
chr15	6	42	773
chr15	6	43	543
chr15	6	44	451
chr15	6	45	297
chr15	6	46	213
chr15	6	47	196
chr15	6	48	166
chr15	6	49	162
chr15	6	50	148
chr15	6	51	172
chr15	6	52	178
chr15	6	53	225
chr15	6	54	255
chr15	6	55	273
chr15	6	56	293
chr15	6	57	313
chr15	6	58	247
chr15	6	59	198
chr15	6	60	182
chr15	6	61	110
chr15	6	62	53
chr15	6	63	24
chr15	6	64	17
chr15	6	65	5
chr15	6	66	4
chr16	6	7	123
chr16	6	8	154
chr16	6	9	196
chr16	6	10	214
chr16	6	11	223
chr16	6	12	268
chr16	6	13	326
chr16	6	14	278
chr16	6	15	370
chr16	6	16	403
chr16	6	17	446
chr16	6	18	519
chr16	6	19	603
chr16	6	20	652
chr16	6	21	725
chr16	6	22	830
chr16	6	23	993
chr16	6	24	1382
chr16	6	25	1325
chr16	6	26	2120
chr16	6	27	2460
chr16	6	28	3582
chr16	6	29	4198
chr16	6	30	5106
chr16	6	31	6272
chr16	6	32	8937
chr16	6	33	11632
chr16	6	34	10550
chr16	6	35	9008
chr16	6	36	6173
chr16	6	37	4348
chr16	6	38	3190
chr16	6	39	2117
chr16	6	40	1595
chr16	6	41	1066
chr16	6	42	793
chr16	6	43	516
chr16	6	44	406
chr16	6	45	277
chr16	6	46	241
chr16	6	47	187
chr16	6	48	164
chr16	6	49	146
chr16	6	50	178
chr16	6	51	179
chr16	6	52	190
chr16	6	53	238
chr16	6	54	224
chr16	6	55	273
chr16	6	56	306
chr16	6	57	269
chr16	6	58	254
chr16	6	59	237
chr16	6	60	127
chr16	6	61	90
chr16	6	62	53
chr16	6	63	27
chr16	6	64	11
chr16	6	65	4
chr16	6	66	1
chr16	6	67	4
chr17	6	7	127
chr17	6	8	155
chr17	6	9	185
chr17	6	10	179
chr17	6	11	252
chr17	6	12	263
chr17	6	13	305
chr17	6	14	318
chr17	6	15	370
chr17	6	16	415
chr17	6	17	465
chr17	6	18	562
chr17	6	19	553
chr17	6	20	663
chr17	6	21	742
chr17	6	22	876
chr17	6	23	1049
chr17	6	24	1451
chr17	6	25	1404
chr17	6	26	2176
chr17	6	27	2515
chr17	6	28	3689
chr17	6	29	4271
chr17	6	30	5166
chr17	6	31	6424
chr17	6	32	8897
chr17	6	33	11652
chr17	6	34	10457
chr17	6	35	8592
chr17	6	36	5880
chr17	6	37	4200
chr17	6	38	2879
chr17	6	39	1964
chr17	6	40	1474
chr17	6	41	970
chr17	6	42	784
chr17	6	43	493
chr17	6	44	396
chr17	6	45	287
chr17	6	46	233
chr17	6	47	188
chr17	6	48	157
chr17	6	49	160
chr17	6	50	141
chr17	6	51	144
chr17	6	52	165
chr17	6	53	238
chr17	6	54	232
chr17	6	55	310
chr17	6	56	307
chr17	6	57	305
chr17	6	58	287
chr17	6	59	222
chr17	6	60	146
chr17	6	61	111
chr17	6	62	73
chr17	6	63	30
chr17	6	64	20
chr17	6	65	8
chr17	6	66	4
chr17	6	67	1
chr18	6	7	95
chr18	6	8	144
chr18	6	9	166
chr18	6	10	177
chr18	6	11	203
chr18	6	12	245
chr18	6	13	261
chr18	6	14	266
chr18	6	15	309
chr18	6	16	333
chr18	6	17	380
chr18	6	18	455
chr18	6	19	489
chr18	6	20	555
chr18	6	21	644
chr18	6	22	758
chr18	6	23	809
chr18	6	24	1158
chr18	6	25	1134
chr18	6	26	1822
chr18	6	27	2182
chr18	6	28	3302
chr18	6	29	3623
chr18	6	30	4570
chr18	6	31	5641
chr18	6	32	8412
chr18	6	33	11027
chr18	6	34	9967
chr18	6	35	8409
chr18	6	36	5999
chr18	6	37	4264
chr18	6	38	3066
chr18	6	39	2091
chr18	6	40	1598
chr18	6	41	1070
chr18	6	42	804
chr18	6	43	562
chr18	6	44	414
chr18	6	45	266
chr18	6	46	259
chr18	6	47	183
chr18	6	48	158
chr18	6	49	120
chr18	6	50	152
chr18	6	51	151
chr18	6	52	169
chr18	6	53	207
chr18	6	54	158
chr18	6	55	230
chr18	6	56	248
chr18	6	57	207
chr18	6	58	181
chr18	6	59	185
chr18	6	60	120
chr18	6	61	85
chr18	6	62	52
chr18	6	63	26
chr18	6	64	16
chr18	6	65	2
chr18	6	66	1
chr18	6	67	1
chr19	6	7	86
chr19	6	8	112
chr19	6	9	114
chr19	6	10	141
chr19	6	11	159
chr19	6	12	171
chr19	6	13	193
chr19	6	14	251
chr19	6	15	256
chr19	6	16	304
chr19	6	17	314
chr19	6	18	376
chr19	6	19	415
chr19	6	20	485
chr19	6	21	510
chr19	6	22	601
chr19	6	23	716
chr19	6	24	982
chr19	6	25	963
chr19	6	26	1478
chr19	6	27	1761
chr19	6	28	2614
chr19	6	29	2872
chr19	6	30	3410
chr19	6	31	4217
chr19	6	32	5728
chr19	6	33	7198
chr19	6	34	6569
chr19	6	35	5260
chr19	6	36	3645
chr19	6	37	2579
chr19	6	38	1801
chr19	6	39	1277
chr19	6	40	942
chr19	6	41	606
chr19	6	42	435
chr19	6	43	335
chr19	6	44	255
chr19	6	45	188
chr19	6	46	128
chr19	6	47	112
chr19	6	48	116
chr19	6	49	98
chr19	6	50	109
chr19	6	51	101
chr19	6	52	120
chr19	6	53	147
chr19	6	54	157
chr19	6	55	197
chr19	6	56	202
chr19	6	57	194
chr19	6	58	175
chr19	6	59	158
chr19	6	60	110
chr19	6	61	70
chr19	6	62	40
chr19	6	63	23
chr19	6	64	14
chr19	6	65	4
chr19	6	66	1
chr19	6	67	1
chr20	6	7	107
chr20	6	8	125
chr20	6	9	153
chr20	6	10	179
chr20	6	11	190
chr20	6	12	196
chr20	6	13	261
chr20	6	14	293
chr20	6	15	308
chr20	6	16	348
chr20	6	17	377
chr20	6	18	399
chr20	6	19	471
chr20	6	20	532
chr20	6	21	589
chr20	6	22	746
chr20	6	23	776
chr20	6	24	1088
chr20	6	25	1100
chr20	6	26	1719
chr20	6	27	2051
chr20	6	28	3101
chr20	6	29	3448
chr20	6	30	4114
chr20	6	31	5261
chr20	6	32	7479
chr20	6	33	10000
chr20	6	34	8919
chr20	6	35	7708
chr20	6	36	5339
chr20	6	37	3838
chr20	6	38	2643
chr20	6	39	1722
chr20	6	40	1285
chr20	6	41	900
chr20	6	42	706
chr20	6	43	494
chr20	6	44	343
chr20	6	45	234
chr20	6	46	156
chr20	6	47	165
chr20	6	48	134
chr20	6	49	122
chr20	6	50	114
chr20	6	51	129
chr20	6	52	126
chr20	6	53	170
chr20	6	54	217
chr20	6	55	243
chr20	6	56	264
chr20	6	57	262
chr20	6	58	213
chr20	6	59	163
chr20	6	60	137
chr20	6	61	81
chr20	6	62	46
chr20	6	63	22
chr20	6	64	11
chr20	6	65	1
chr20	6	66	2
chr20	6	67	1
chr21	6	7	45
chr21	6	8	67
chr21	6	9	84
chr21	6	10	83
chr21	6	11	103
chr21	6	12	117
chr21	6	13	110
chr21	6	14	145
chr21	6	15	178
chr21	6	16	173
chr21	6	17	182
chr21	6	18	221
chr21	6	19	225
chr21	6	20	256
chr21	6	21	266
chr21	6	22	342
chr21	6	23	380
chr21	6	24	529
chr21	6	25	568
chr21	6	26	851
chr21	6	27	1080
chr21	6	28	1509
chr21	6	29	1722
chr21	6	30	2100
chr21	6	31	2608
chr21	6	32	3758
chr21	6	33	5003
chr21	6	34	4476
chr21	6	35	3873
chr21	6	36	2593
chr21	6	37	1891
chr21	6	38	1323
chr21	6	39	882
chr21	6	40	655
chr21	6	41	484
chr21	6	42	316
chr21	6	43	250
chr21	6	44	184
chr21	6	45	138
chr21	6	46	109
chr21	6	47	84
chr21	6	48	56
chr21	6	49	57
chr21	6	50	51
chr21	6	51	66
chr21	6	52	78
chr21	6	53	96
chr21	6	54	104
chr21	6	55	117
chr21	6	56	128
chr21	6	57	119
chr21	6	58	112
chr21	6	59	85
chr21	6	60	52
chr21	6	61	42
chr21	6	62	21
chr21	6	63	13
chr21	6	64	10
chr21	6	65	3
chr21	6	66	2
chr22	6	7	67
chr22	6	8	86
chr22	6	9	90
chr22	6	10	100
chr22	6	11	99
chr22	6	12	142
chr22	6	13	169
chr22	6	14	162
chr22	6	15	182
chr22	6	16	198
chr22	6	17	225
chr22	6	18	270
chr22	6	19	285
chr22	6	20	335
chr22	6	21	379
chr22	6	22	443
chr22	6	23	483
chr22	6	24	662
chr22	6	25	639
chr22	6	26	1033
chr22	6	27	1219
chr22	6	28	1807
chr22	6	29	2026
chr22	6	30	2393
chr22	6	31	3101
chr22	6	32	4353
chr22	6	33	5475
chr22	6	34	4953
chr22	6	35	4141
chr22	6	36	2877
chr22	6	37	2035
chr22	6	38	1425
chr22	6	39	1024
chr22	6	40	731
chr22	6	41	480
chr22	6	42	359
chr22	6	43	245
chr22	6	44	225
chr22	6	45	123
chr22	6	46	116
chr22	6	47	101
chr22	6	48	59
chr22	6	49	77
chr22	6	50	93
chr22	6	51	78
chr22	6	52	99
chr22	6	53	104
chr22	6	54	107
chr22	6	55	146
chr22	6	56	137
chr22	6	57	170
chr22	6	58	112
chr22	6	59	105
chr22	6	60	79
chr22	6	61	55
chr22	6	62	38
chr22	6	63	14
chr22	6	64	6
chr22	6	65	1
chr22	6	66	1
chr22	6	67	2
chrX	6	7	165
chrX	6	8	221
chrX	6	9	225
chrX	6	10	277
chrX	6	11	333
chrX	6	12	367
chrX	6	13	412
chrX	6	14	494
chrX	6	15	529
chrX	6	16	583
chrX	6	17	590
chrX	6	18	704
chrX	6	19	766
chrX	6	20	918
chrX	6	21	1002
chrX	6	22	1245
chrX	6	23	1228
chrX	6	24	1782
chrX	6	25	1691
chrX	6	26	2983
chrX	6	27	3420
chrX	6	28	5325
chrX	6	29	6172
chrX	6	30	7707
chrX	6	31	9496
chrX	6	32	13671
chrX	6	33	18849
chrX	6	34	16733
chrX	6	35	14313
chrX	6	36	9893
chrX	6	37	7351
chrX	6	38	5199
chrX	6	39	3527
chrX	6	40	2700
chrX	6	41	1695
chrX	6	42	1287
chrX	6	43	939
chrX	6	44	646
chrX	6	45	502
chrX	6	46	332
chrX	6	47	259
chrX	6	48	249
chrX	6	49	220
chrX	6	50	213
chrX	6	51	224
chrX	6	52	256
chrX	6	53	280
chrX	6	54	330
chrX	6	55	427
chrX	6	56	380
chrX	6	57	410
chrX	6	58	345
chrX	6	59	293
chrX	6	60	208
chrX	6	61	149
chrX	6	62	85
chrX	6	63	50
chrX	6	64	28
chrX	6	65	10
chrX	6	66	5
chrX	6	67	1
chrY	6	7	1
chrY	6	8	4
chrY	6	9	3
chrY	6	10	4
chrY	6	11	1
chrY	6	12	1
chrY	6	13	3
chrY	6	14	4
chrY	6	16	2
chrY	6	17	4
chrY	6	18	6
chrY	6	19	4
chrY	6	20	4
chrY	6	21	6
chrY	6	22	14
chrY	6	23	5
chrY	6	24	19
chrY	6	25	8
chrY	6	26	29
chrY	6	27	24
chrY	6	28	29
chrY	6	29	32
chrY	6	30	33
chrY	6	31	33
chrY	6	32	42
chrY	6	33	42
chrY	6	34	35
chrY	6	35	18
chrY	6	36	15
chrY	6	37	19
chrY	6	38	11
chrY	6	39	2
chrY	6	40	2
chrY	6	41	1
chrY	6	42	2
chrY	6	48	1
chrY	6	50	1
chrY	6	52	1
chrY	6	53	1
chrY	6	54	1
chrY	6	56	1
chrM	6	18	1
chrM	6	21	1
chrM	6	28	1
