##Chromosome	MAQP	Length	ReadsNums
chr1	6	7	388
chr1	6	8	463
chr1	6	9	544
chr1	6	10	568
chr1	6	11	722
chr1	6	12	816
chr1	6	13	871
chr1	6	14	963
chr1	6	15	1159
chr1	6	16	1181
chr1	6	17	1335
chr1	6	18	1397
chr1	6	19	1558
chr1	6	20	1788
chr1	6	21	1987
chr1	6	22	2365
chr1	6	23	2586
chr1	6	24	3610
chr1	6	25	3444
chr1	6	26	5828
chr1	6	27	7065
chr1	6	28	10664
chr1	6	29	12465
chr1	6	30	15487
chr1	6	31	19896
chr1	6	32	28737
chr1	6	33	39358
chr1	6	34	33577
chr1	6	35	28545
chr1	6	36	18798
chr1	6	37	12975
chr1	6	38	8681
chr1	6	39	6021
chr1	6	40	4172
chr1	6	41	2940
chr1	6	42	2101
chr1	6	43	1467
chr1	6	44	1117
chr1	6	45	763
chr1	6	46	657
chr1	6	47	509
chr1	6	48	521
chr1	6	49	423
chr1	6	50	459
chr1	6	51	501
chr1	6	52	527
chr1	6	53	674
chr1	6	54	697
chr1	6	55	818
chr1	6	56	845
chr1	6	57	919
chr1	6	58	725
chr1	6	59	639
chr1	6	60	417
chr1	6	61	297
chr1	6	62	150
chr1	6	63	78
chr1	6	64	32
chr1	6	65	12
chr1	6	66	5
chr1	6	67	1
chr2	6	7	402
chr2	6	8	468
chr2	6	9	563
chr2	6	10	644
chr2	6	11	746
chr2	6	12	769
chr2	6	13	930
chr2	6	14	981
chr2	6	15	1127
chr2	6	16	1250
chr2	6	17	1333
chr2	6	18	1542
chr2	6	19	1651
chr2	6	20	1844
chr2	6	21	2028
chr2	6	22	2413
chr2	6	23	2652
chr2	6	24	3623
chr2	6	25	3677
chr2	6	26	5919
chr2	6	27	7274
chr2	6	28	10884
chr2	6	29	12836
chr2	6	30	16058
chr2	6	31	20745
chr2	6	32	30265
chr2	6	33	41914
chr2	6	34	36091
chr2	6	35	30294
chr2	6	36	20047
chr2	6	37	13692
chr2	6	38	9313
chr2	6	39	6303
chr2	6	40	4582
chr2	6	41	3096
chr2	6	42	2290
chr2	6	43	1640
chr2	6	44	1195
chr2	6	45	899
chr2	6	46	657
chr2	6	47	572
chr2	6	48	518
chr2	6	49	436
chr2	6	50	454
chr2	6	51	481
chr2	6	52	551
chr2	6	53	668
chr2	6	54	676
chr2	6	55	866
chr2	6	56	878
chr2	6	57	880
chr2	6	58	769
chr2	6	59	647
chr2	6	60	415
chr2	6	61	298
chr2	6	62	172
chr2	6	63	83
chr2	6	64	44
chr2	6	65	17
chr2	6	66	9
chr2	6	68	1
chr3	6	7	303
chr3	6	8	402
chr3	6	9	456
chr3	6	10	470
chr3	6	11	588
chr3	6	12	627
chr3	6	13	696
chr3	6	14	735
chr3	6	15	857
chr3	6	16	912
chr3	6	17	1066
chr3	6	18	1212
chr3	6	19	1345
chr3	6	20	1496
chr3	6	21	1539
chr3	6	22	1936
chr3	6	23	2087
chr3	6	24	3001
chr3	6	25	2852
chr3	6	26	4880
chr3	6	27	5900
chr3	6	28	8833
chr3	6	29	10400
chr3	6	30	12995
chr3	6	31	16930
chr3	6	32	25207
chr3	6	33	34538
chr3	6	34	29337
chr3	6	35	24700
chr3	6	36	16498
chr3	6	37	11420
chr3	6	38	7639
chr3	6	39	5092
chr3	6	40	3759
chr3	6	41	2547
chr3	6	42	1908
chr3	6	43	1287
chr3	6	44	941
chr3	6	45	681
chr3	6	46	568
chr3	6	47	432
chr3	6	48	407
chr3	6	49	364
chr3	6	50	370
chr3	6	51	386
chr3	6	52	430
chr3	6	53	497
chr3	6	54	630
chr3	6	55	684
chr3	6	56	708
chr3	6	57	737
chr3	6	58	605
chr3	6	59	525
chr3	6	60	360
chr3	6	61	239
chr3	6	62	135
chr3	6	63	69
chr3	6	64	38
chr3	6	65	19
chr3	6	66	3
chr3	6	67	2
chr3	6	68	1
chr4	6	7	299
chr4	6	8	356
chr4	6	9	387
chr4	6	10	430
chr4	6	11	509
chr4	6	12	579
chr4	6	13	631
chr4	6	14	712
chr4	6	15	768
chr4	6	16	865
chr4	6	17	1008
chr4	6	18	1039
chr4	6	19	1097
chr4	6	20	1339
chr4	6	21	1496
chr4	6	22	1662
chr4	6	23	1909
chr4	6	24	2695
chr4	6	25	2583
chr4	6	26	4400
chr4	6	27	5398
chr4	6	28	8126
chr4	6	29	9475
chr4	6	30	11862
chr4	6	31	15358
chr4	6	32	22718
chr4	6	33	31601
chr4	6	34	26675
chr4	6	35	22626
chr4	6	36	14815
chr4	6	37	10274
chr4	6	38	7111
chr4	6	39	4653
chr4	6	40	3448
chr4	6	41	2334
chr4	6	42	1772
chr4	6	43	1202
chr4	6	44	869
chr4	6	45	596
chr4	6	46	502
chr4	6	47	395
chr4	6	48	307
chr4	6	49	342
chr4	6	50	287
chr4	6	51	322
chr4	6	52	344
chr4	6	53	396
chr4	6	54	539
chr4	6	55	590
chr4	6	56	587
chr4	6	57	538
chr4	6	58	537
chr4	6	59	403
chr4	6	60	331
chr4	6	61	196
chr4	6	62	125
chr4	6	63	54
chr4	6	64	30
chr4	6	65	14
chr4	6	66	8
chr4	6	67	1
chr5	6	7	293
chr5	6	8	360
chr5	6	9	376
chr5	6	10	420
chr5	6	11	520
chr5	6	12	587
chr5	6	13	561
chr5	6	14	725
chr5	6	15	823
chr5	6	16	890
chr5	6	17	934
chr5	6	18	1075
chr5	6	19	1160
chr5	6	20	1357
chr5	6	21	1510
chr5	6	22	1677
chr5	6	23	1929
chr5	6	24	2639
chr5	6	25	2640
chr5	6	26	4402
chr5	6	27	5424
chr5	6	28	7984
chr5	6	29	9301
chr5	6	30	11631
chr5	6	31	15355
chr5	6	32	22216
chr5	6	33	30852
chr5	6	34	26128
chr5	6	35	22172
chr5	6	36	14402
chr5	6	37	10111
chr5	6	38	7000
chr5	6	39	4571
chr5	6	40	3390
chr5	6	41	2228
chr5	6	42	1635
chr5	6	43	1129
chr5	6	44	836
chr5	6	45	616
chr5	6	46	451
chr5	6	47	364
chr5	6	48	337
chr5	6	49	296
chr5	6	50	315
chr5	6	51	339
chr5	6	52	399
chr5	6	53	482
chr5	6	54	517
chr5	6	55	548
chr5	6	56	585
chr5	6	57	593
chr5	6	58	522
chr5	6	59	437
chr5	6	60	303
chr5	6	61	213
chr5	6	62	124
chr5	6	63	65
chr5	6	64	25
chr5	6	65	8
chr5	6	66	6
chr5	6	67	2
chr5	6	68	1
chr6	6	7	247
chr6	6	8	360
chr6	6	9	406
chr6	6	10	409
chr6	6	11	472
chr6	6	12	523
chr6	6	13	631
chr6	6	14	737
chr6	6	15	730
chr6	6	16	855
chr6	6	17	869
chr6	6	18	1032
chr6	6	19	1129
chr6	6	20	1287
chr6	6	21	1395
chr6	6	22	1659
chr6	6	23	1800
chr6	6	24	2564
chr6	6	25	2537
chr6	6	26	4094
chr6	6	27	5018
chr6	6	28	7476
chr6	6	29	8892
chr6	6	30	11203
chr6	6	31	14350
chr6	6	32	21196
chr6	6	33	29232
chr6	6	34	24770
chr6	6	35	21187
chr6	6	36	13920
chr6	6	37	9765
chr6	6	38	6369
chr6	6	39	4375
chr6	6	40	3221
chr6	6	41	2125
chr6	6	42	1688
chr6	6	43	1171
chr6	6	44	852
chr6	6	45	605
chr6	6	46	451
chr6	6	47	379
chr6	6	48	338
chr6	6	49	298
chr6	6	50	307
chr6	6	51	314
chr6	6	52	375
chr6	6	53	462
chr6	6	54	518
chr6	6	55	600
chr6	6	56	578
chr6	6	57	561
chr6	6	58	504
chr6	6	59	415
chr6	6	60	315
chr6	6	61	224
chr6	6	62	118
chr6	6	63	59
chr6	6	64	28
chr6	6	65	8
chr6	6	66	5
chr6	6	67	4
chr6	6	68	2
chr7	6	7	230
chr7	6	8	302
chr7	6	9	349
chr7	6	10	388
chr7	6	11	451
chr7	6	12	482
chr7	6	13	566
chr7	6	14	584
chr7	6	15	702
chr7	6	16	780
chr7	6	17	811
chr7	6	18	935
chr7	6	19	1020
chr7	6	20	1154
chr7	6	21	1357
chr7	6	22	1475
chr7	6	23	1642
chr7	6	24	2230
chr7	6	25	2281
chr7	6	26	3613
chr7	6	27	4494
chr7	6	28	6573
chr7	6	29	7945
chr7	6	30	9849
chr7	6	31	12737
chr7	6	32	18592
chr7	6	33	25740
chr7	6	34	21702
chr7	6	35	18475
chr7	6	36	12149
chr7	6	37	8312
chr7	6	38	5708
chr7	6	39	3812
chr7	6	40	2771
chr7	6	41	1894
chr7	6	42	1367
chr7	6	43	937
chr7	6	44	763
chr7	6	45	535
chr7	6	46	418
chr7	6	47	319
chr7	6	48	301
chr7	6	49	284
chr7	6	50	278
chr7	6	51	278
chr7	6	52	328
chr7	6	53	354
chr7	6	54	424
chr7	6	55	479
chr7	6	56	490
chr7	6	57	534
chr7	6	58	421
chr7	6	59	364
chr7	6	60	259
chr7	6	61	192
chr7	6	62	88
chr7	6	63	43
chr7	6	64	24
chr7	6	65	11
chr7	6	66	2
chr8	6	7	261
chr8	6	8	297
chr8	6	9	333
chr8	6	10	385
chr8	6	11	449
chr8	6	12	476
chr8	6	13	565
chr8	6	14	535
chr8	6	15	688
chr8	6	16	726
chr8	6	17	803
chr8	6	18	929
chr8	6	19	974
chr8	6	20	1110
chr8	6	21	1183
chr8	6	22	1417
chr8	6	23	1556
chr8	6	24	2160
chr8	6	25	2188
chr8	6	26	3621
chr8	6	27	4306
chr8	6	28	6470
chr8	6	29	7675
chr8	6	30	9712
chr8	6	31	12492
chr8	6	32	18735
chr8	6	33	25379
chr8	6	34	21558
chr8	6	35	18212
chr8	6	36	12061
chr8	6	37	8474
chr8	6	38	5548
chr8	6	39	3729
chr8	6	40	2881
chr8	6	41	1886
chr8	6	42	1405
chr8	6	43	1014
chr8	6	44	710
chr8	6	45	485
chr8	6	46	411
chr8	6	47	323
chr8	6	48	273
chr8	6	49	274
chr8	6	50	239
chr8	6	51	308
chr8	6	52	293
chr8	6	53	359
chr8	6	54	468
chr8	6	55	487
chr8	6	56	526
chr8	6	57	494
chr8	6	58	422
chr8	6	59	327
chr8	6	60	225
chr8	6	61	159
chr8	6	62	79
chr8	6	63	61
chr8	6	64	29
chr8	6	65	12
chr8	6	66	4
chr8	6	67	1
chr9	6	7	199
chr9	6	8	230
chr9	6	9	268
chr9	6	10	284
chr9	6	11	351
chr9	6	12	381
chr9	6	13	452
chr9	6	14	482
chr9	6	15	510
chr9	6	16	594
chr9	6	17	630
chr9	6	18	712
chr9	6	19	797
chr9	6	20	865
chr9	6	21	980
chr9	6	22	1075
chr9	6	23	1336
chr9	6	24	1753
chr9	6	25	1748
chr9	6	26	2929
chr9	6	27	3380
chr9	6	28	5155
chr9	6	29	5977
chr9	6	30	7547
chr9	6	31	9920
chr9	6	32	14312
chr9	6	33	19476
chr9	6	34	16805
chr9	6	35	14143
chr9	6	36	9325
chr9	6	37	6490
chr9	6	38	4310
chr9	6	39	2880
chr9	6	40	2148
chr9	6	41	1406
chr9	6	42	1098
chr9	6	43	751
chr9	6	44	497
chr9	6	45	386
chr9	6	46	295
chr9	6	47	274
chr9	6	48	236
chr9	6	49	209
chr9	6	50	240
chr9	6	51	249
chr9	6	52	241
chr9	6	53	306
chr9	6	54	388
chr9	6	55	405
chr9	6	56	421
chr9	6	57	421
chr9	6	58	331
chr9	6	59	300
chr9	6	60	212
chr9	6	61	146
chr9	6	62	93
chr9	6	63	48
chr9	6	64	17
chr9	6	65	9
chr9	6	66	4
chr9	6	71	1
chr10	6	7	223
chr10	6	8	298
chr10	6	9	334
chr10	6	10	345
chr10	6	11	453
chr10	6	12	493
chr10	6	13	561
chr10	6	14	565
chr10	6	15	655
chr10	6	16	661
chr10	6	17	754
chr10	6	18	919
chr10	6	19	947
chr10	6	20	1090
chr10	6	21	1194
chr10	6	22	1310
chr10	6	23	1491
chr10	6	24	2126
chr10	6	25	2135
chr10	6	26	3331
chr10	6	27	4153
chr10	6	28	6168
chr10	6	29	7132
chr10	6	30	9069
chr10	6	31	11553
chr10	6	32	17209
chr10	6	33	23330
chr10	6	34	19987
chr10	6	35	17067
chr10	6	36	11081
chr10	6	37	7868
chr10	6	38	5297
chr10	6	39	3541
chr10	6	40	2535
chr10	6	41	1774
chr10	6	42	1325
chr10	6	43	865
chr10	6	44	684
chr10	6	45	480
chr10	6	46	390
chr10	6	47	284
chr10	6	48	270
chr10	6	49	247
chr10	6	50	269
chr10	6	51	286
chr10	6	52	289
chr10	6	53	361
chr10	6	54	390
chr10	6	55	465
chr10	6	56	497
chr10	6	57	463
chr10	6	58	420
chr10	6	59	337
chr10	6	60	245
chr10	6	61	141
chr10	6	62	125
chr10	6	63	47
chr10	6	64	27
chr10	6	65	3
chr10	6	66	3
chr10	6	67	3
chr11	6	7	244
chr11	6	8	262
chr11	6	9	305
chr11	6	10	333
chr11	6	11	452
chr11	6	12	495
chr11	6	13	496
chr11	6	14	540
chr11	6	15	648
chr11	6	16	705
chr11	6	17	691
chr11	6	18	826
chr11	6	19	916
chr11	6	20	1119
chr11	6	21	1164
chr11	6	22	1419
chr11	6	23	1618
chr11	6	24	2118
chr11	6	25	2113
chr11	6	26	3273
chr11	6	27	4055
chr11	6	28	6117
chr11	6	29	7164
chr11	6	30	9109
chr11	6	31	11591
chr11	6	32	16933
chr11	6	33	23072
chr11	6	34	20127
chr11	6	35	16772
chr11	6	36	11194
chr11	6	37	7725
chr11	6	38	5243
chr11	6	39	3467
chr11	6	40	2554
chr11	6	41	1670
chr11	6	42	1245
chr11	6	43	850
chr11	6	44	718
chr11	6	45	495
chr11	6	46	401
chr11	6	47	342
chr11	6	48	261
chr11	6	49	260
chr11	6	50	244
chr11	6	51	286
chr11	6	52	324
chr11	6	53	401
chr11	6	54	409
chr11	6	55	474
chr11	6	56	512
chr11	6	57	472
chr11	6	58	421
chr11	6	59	357
chr11	6	60	288
chr11	6	61	153
chr11	6	62	103
chr11	6	63	33
chr11	6	64	25
chr11	6	65	5
chr11	6	66	3
chr12	6	7	220
chr12	6	8	298
chr12	6	9	313
chr12	6	10	303
chr12	6	11	408
chr12	6	12	460
chr12	6	13	495
chr12	6	14	558
chr12	6	15	658
chr12	6	16	658
chr12	6	17	743
chr12	6	18	828
chr12	6	19	876
chr12	6	20	973
chr12	6	21	1180
chr12	6	22	1370
chr12	6	23	1469
chr12	6	24	1965
chr12	6	25	2000
chr12	6	26	3331
chr12	6	27	4053
chr12	6	28	5904
chr12	6	29	7079
chr12	6	30	8918
chr12	6	31	11284
chr12	6	32	16423
chr12	6	33	22291
chr12	6	34	19256
chr12	6	35	16129
chr12	6	36	10814
chr12	6	37	7719
chr12	6	38	5086
chr12	6	39	3372
chr12	6	40	2478
chr12	6	41	1633
chr12	6	42	1221
chr12	6	43	854
chr12	6	44	613
chr12	6	45	433
chr12	6	46	424
chr12	6	47	336
chr12	6	48	252
chr12	6	49	269
chr12	6	50	279
chr12	6	51	283
chr12	6	52	338
chr12	6	53	340
chr12	6	54	394
chr12	6	55	450
chr12	6	56	467
chr12	6	57	467
chr12	6	58	387
chr12	6	59	360
chr12	6	60	294
chr12	6	61	144
chr12	6	62	103
chr12	6	63	52
chr12	6	64	24
chr12	6	65	16
chr12	6	66	2
chr12	6	68	1
chr13	6	7	147
chr13	6	8	199
chr13	6	9	195
chr13	6	10	231
chr13	6	11	269
chr13	6	12	305
chr13	6	13	351
chr13	6	14	397
chr13	6	15	402
chr13	6	16	452
chr13	6	17	525
chr13	6	18	556
chr13	6	19	591
chr13	6	20	723
chr13	6	21	810
chr13	6	22	935
chr13	6	23	1040
chr13	6	24	1437
chr13	6	25	1406
chr13	6	26	2350
chr13	6	27	2770
chr13	6	28	4225
chr13	6	29	5074
chr13	6	30	6319
chr13	6	31	8222
chr13	6	32	11963
chr13	6	33	16535
chr13	6	34	14172
chr13	6	35	11902
chr13	6	36	7839
chr13	6	37	5406
chr13	6	38	3721
chr13	6	39	2414
chr13	6	40	1728
chr13	6	41	1146
chr13	6	42	844
chr13	6	43	639
chr13	6	44	481
chr13	6	45	298
chr13	6	46	253
chr13	6	47	203
chr13	6	48	174
chr13	6	49	154
chr13	6	50	162
chr13	6	51	173
chr13	6	52	177
chr13	6	53	238
chr13	6	54	280
chr13	6	55	308
chr13	6	56	328
chr13	6	57	328
chr13	6	58	294
chr13	6	59	218
chr13	6	60	160
chr13	6	61	119
chr13	6	62	72
chr13	6	63	34
chr13	6	64	12
chr13	6	65	5
chr14	6	7	145
chr14	6	8	184
chr14	6	9	180
chr14	6	10	217
chr14	6	11	261
chr14	6	12	314
chr14	6	13	367
chr14	6	14	370
chr14	6	15	417
chr14	6	16	450
chr14	6	17	516
chr14	6	18	621
chr14	6	19	628
chr14	6	20	716
chr14	6	21	777
chr14	6	22	895
chr14	6	23	998
chr14	6	24	1364
chr14	6	25	1392
chr14	6	26	2265
chr14	6	27	2776
chr14	6	28	4007
chr14	6	29	4769
chr14	6	30	5895
chr14	6	31	7666
chr14	6	32	11277
chr14	6	33	15369
chr14	6	34	12988
chr14	6	35	11058
chr14	6	36	7381
chr14	6	37	5064
chr14	6	38	3444
chr14	6	39	2362
chr14	6	40	1713
chr14	6	41	1118
chr14	6	42	820
chr14	6	43	566
chr14	6	44	424
chr14	6	45	292
chr14	6	46	256
chr14	6	47	224
chr14	6	48	195
chr14	6	49	174
chr14	6	50	166
chr14	6	51	185
chr14	6	52	182
chr14	6	53	226
chr14	6	54	281
chr14	6	55	291
chr14	6	56	349
chr14	6	57	300
chr14	6	58	271
chr14	6	59	244
chr14	6	60	190
chr14	6	61	127
chr14	6	62	68
chr14	6	63	35
chr14	6	64	16
chr14	6	65	5
chr14	6	66	5
chr15	6	7	140
chr15	6	8	182
chr15	6	9	194
chr15	6	10	222
chr15	6	11	256
chr15	6	12	266
chr15	6	13	301
chr15	6	14	325
chr15	6	15	365
chr15	6	16	428
chr15	6	17	447
chr15	6	18	527
chr15	6	19	551
chr15	6	20	702
chr15	6	21	733
chr15	6	22	830
chr15	6	23	915
chr15	6	24	1290
chr15	6	25	1243
chr15	6	26	1985
chr15	6	27	2445
chr15	6	28	3752
chr15	6	29	4361
chr15	6	30	5469
chr15	6	31	7207
chr15	6	32	10322
chr15	6	33	14231
chr15	6	34	11936
chr15	6	35	10294
chr15	6	36	6749
chr15	6	37	4605
chr15	6	38	3105
chr15	6	39	2059
chr15	6	40	1508
chr15	6	41	1055
chr15	6	42	777
chr15	6	43	478
chr15	6	44	413
chr15	6	45	287
chr15	6	46	238
chr15	6	47	181
chr15	6	48	164
chr15	6	49	144
chr15	6	50	177
chr15	6	51	159
chr15	6	52	181
chr15	6	53	205
chr15	6	54	260
chr15	6	55	314
chr15	6	56	346
chr15	6	57	311
chr15	6	58	271
chr15	6	59	228
chr15	6	60	179
chr15	6	61	100
chr15	6	62	75
chr15	6	63	28
chr15	6	64	13
chr15	6	65	7
chr15	6	66	7
chr15	6	69	1
chr16	6	7	152
chr16	6	8	136
chr16	6	9	183
chr16	6	10	227
chr16	6	11	240
chr16	6	12	256
chr16	6	13	348
chr16	6	14	389
chr16	6	15	384
chr16	6	16	433
chr16	6	17	521
chr16	6	18	503
chr16	6	19	595
chr16	6	20	658
chr16	6	21	744
chr16	6	22	840
chr16	6	23	935
chr16	6	24	1325
chr16	6	25	1289
chr16	6	26	2026
chr16	6	27	2529
chr16	6	28	3660
chr16	6	29	4348
chr16	6	30	5571
chr16	6	31	6911
chr16	6	32	10306
chr16	6	33	13608
chr16	6	34	11786
chr16	6	35	10048
chr16	6	36	6684
chr16	6	37	4555
chr16	6	38	3009
chr16	6	39	2049
chr16	6	40	1481
chr16	6	41	989
chr16	6	42	801
chr16	6	43	504
chr16	6	44	388
chr16	6	45	281
chr16	6	46	218
chr16	6	47	198
chr16	6	48	175
chr16	6	49	145
chr16	6	50	174
chr16	6	51	193
chr16	6	52	151
chr16	6	53	210
chr16	6	54	230
chr16	6	55	282
chr16	6	56	320
chr16	6	57	333
chr16	6	58	274
chr16	6	59	241
chr16	6	60	184
chr16	6	61	104
chr16	6	62	65
chr16	6	63	34
chr16	6	64	9
chr16	6	65	3
chr16	6	66	1
chr17	6	7	134
chr17	6	8	191
chr17	6	9	207
chr17	6	10	221
chr17	6	11	255
chr17	6	12	289
chr17	6	13	335
chr17	6	14	368
chr17	6	15	425
chr17	6	16	429
chr17	6	17	494
chr17	6	18	557
chr17	6	19	564
chr17	6	20	667
chr17	6	21	746
chr17	6	22	856
chr17	6	23	964
chr17	6	24	1302
chr17	6	25	1255
chr17	6	26	2100
chr17	6	27	2549
chr17	6	28	3685
chr17	6	29	4368
chr17	6	30	5395
chr17	6	31	6888
chr17	6	32	9925
chr17	6	33	13343
chr17	6	34	11385
chr17	6	35	9724
chr17	6	36	6354
chr17	6	37	4328
chr17	6	38	3010
chr17	6	39	1930
chr17	6	40	1479
chr17	6	41	933
chr17	6	42	723
chr17	6	43	493
chr17	6	44	369
chr17	6	45	285
chr17	6	46	240
chr17	6	47	212
chr17	6	48	169
chr17	6	49	160
chr17	6	50	164
chr17	6	51	176
chr17	6	52	191
chr17	6	53	230
chr17	6	54	282
chr17	6	55	331
chr17	6	56	341
chr17	6	57	316
chr17	6	58	318
chr17	6	59	246
chr17	6	60	217
chr17	6	61	118
chr17	6	62	71
chr17	6	63	40
chr17	6	64	18
chr17	6	65	7
chr17	6	67	2
chr17	6	69	1
chr18	6	7	131
chr18	6	8	145
chr18	6	9	185
chr18	6	10	175
chr18	6	11	232
chr18	6	12	269
chr18	6	13	283
chr18	6	14	358
chr18	6	15	355
chr18	6	16	361
chr18	6	17	400
chr18	6	18	488
chr18	6	19	491
chr18	6	20	568
chr18	6	21	640
chr18	6	22	774
chr18	6	23	823
chr18	6	24	1128
chr18	6	25	1104
chr18	6	26	1908
chr18	6	27	2287
chr18	6	28	3433
chr18	6	29	4085
chr18	6	30	5243
chr18	6	31	6608
chr18	6	32	9717
chr18	6	33	13668
chr18	6	34	11556
chr18	6	35	9879
chr18	6	36	6629
chr18	6	37	4575
chr18	6	38	3045
chr18	6	39	2108
chr18	6	40	1573
chr18	6	41	1017
chr18	6	42	784
chr18	6	43	520
chr18	6	44	351
chr18	6	45	270
chr18	6	46	205
chr18	6	47	181
chr18	6	48	143
chr18	6	49	134
chr18	6	50	137
chr18	6	51	138
chr18	6	52	141
chr18	6	53	194
chr18	6	54	203
chr18	6	55	241
chr18	6	56	282
chr18	6	57	283
chr18	6	58	207
chr18	6	59	204
chr18	6	60	130
chr18	6	61	94
chr18	6	62	46
chr18	6	63	34
chr18	6	64	13
chr18	6	65	4
chr19	6	7	76
chr19	6	8	119
chr19	6	9	137
chr19	6	10	149
chr19	6	11	189
chr19	6	12	251
chr19	6	13	260
chr19	6	14	256
chr19	6	15	272
chr19	6	16	301
chr19	6	17	338
chr19	6	18	370
chr19	6	19	434
chr19	6	20	502
chr19	6	21	521
chr19	6	22	626
chr19	6	23	652
chr19	6	24	867
chr19	6	25	856
chr19	6	26	1435
chr19	6	27	1712
chr19	6	28	2424
chr19	6	29	2950
chr19	6	30	3461
chr19	6	31	4560
chr19	6	32	6202
chr19	6	33	8079
chr19	6	34	7192
chr19	6	35	5787
chr19	6	36	3830
chr19	6	37	2670
chr19	6	38	1744
chr19	6	39	1236
chr19	6	40	830
chr19	6	41	589
chr19	6	42	435
chr19	6	43	331
chr19	6	44	266
chr19	6	45	175
chr19	6	46	140
chr19	6	47	133
chr19	6	48	120
chr19	6	49	96
chr19	6	50	126
chr19	6	51	116
chr19	6	52	114
chr19	6	53	149
chr19	6	54	187
chr19	6	55	203
chr19	6	56	199
chr19	6	57	201
chr19	6	58	198
chr19	6	59	156
chr19	6	60	120
chr19	6	61	86
chr19	6	62	52
chr19	6	63	31
chr19	6	64	6
chr19	6	65	2
chr19	6	66	3
chr20	6	7	115
chr20	6	8	147
chr20	6	9	154
chr20	6	10	192
chr20	6	11	216
chr20	6	12	265
chr20	6	13	303
chr20	6	14	337
chr20	6	15	314
chr20	6	16	421
chr20	6	17	381
chr20	6	18	471
chr20	6	19	501
chr20	6	20	533
chr20	6	21	603
chr20	6	22	662
chr20	6	23	776
chr20	6	24	1069
chr20	6	25	1064
chr20	6	26	1774
chr20	6	27	2022
chr20	6	28	2996
chr20	6	29	3759
chr20	6	30	4530
chr20	6	31	5914
chr20	6	32	8534
chr20	6	33	11465
chr20	6	34	9925
chr20	6	35	8466
chr20	6	36	5628
chr20	6	37	3948
chr20	6	38	2698
chr20	6	39	1792
chr20	6	40	1246
chr20	6	41	884
chr20	6	42	627
chr20	6	43	428
chr20	6	44	369
chr20	6	45	225
chr20	6	46	194
chr20	6	47	161
chr20	6	48	133
chr20	6	49	113
chr20	6	50	162
chr20	6	51	146
chr20	6	52	150
chr20	6	53	207
chr20	6	54	238
chr20	6	55	249
chr20	6	56	281
chr20	6	57	284
chr20	6	58	229
chr20	6	59	187
chr20	6	60	138
chr20	6	61	79
chr20	6	62	54
chr20	6	63	24
chr20	6	64	13
chr20	6	65	4
chr20	6	68	1
chr21	6	7	62
chr21	6	8	56
chr21	6	9	95
chr21	6	10	103
chr21	6	11	110
chr21	6	12	127
chr21	6	13	144
chr21	6	14	149
chr21	6	15	157
chr21	6	16	164
chr21	6	17	204
chr21	6	18	227
chr21	6	19	227
chr21	6	20	243
chr21	6	21	314
chr21	6	22	445
chr21	6	23	384
chr21	6	24	543
chr21	6	25	536
chr21	6	26	869
chr21	6	27	1073
chr21	6	28	1672
chr21	6	29	1844
chr21	6	30	2344
chr21	6	31	2989
chr21	6	32	4281
chr21	6	33	6044
chr21	6	34	5075
chr21	6	35	4423
chr21	6	36	2917
chr21	6	37	2001
chr21	6	38	1308
chr21	6	39	887
chr21	6	40	687
chr21	6	41	438
chr21	6	42	338
chr21	6	43	241
chr21	6	44	164
chr21	6	45	139
chr21	6	46	101
chr21	6	47	99
chr21	6	48	80
chr21	6	49	70
chr21	6	50	75
chr21	6	51	74
chr21	6	52	73
chr21	6	53	96
chr21	6	54	101
chr21	6	55	138
chr21	6	56	132
chr21	6	57	128
chr21	6	58	108
chr21	6	59	103
chr21	6	60	66
chr21	6	61	50
chr21	6	62	32
chr21	6	63	17
chr21	6	64	5
chr21	6	65	3
chr21	6	66	2
chr22	6	7	77
chr22	6	8	91
chr22	6	9	95
chr22	6	10	116
chr22	6	11	136
chr22	6	12	159
chr22	6	13	138
chr22	6	14	182
chr22	6	15	192
chr22	6	16	208
chr22	6	17	238
chr22	6	18	281
chr22	6	19	296
chr22	6	20	329
chr22	6	21	329
chr22	6	22	419
chr22	6	23	450
chr22	6	24	584
chr22	6	25	615
chr22	6	26	1026
chr22	6	27	1234
chr22	6	28	1711
chr22	6	29	2040
chr22	6	30	2498
chr22	6	31	3275
chr22	6	32	4669
chr22	6	33	6222
chr22	6	34	5367
chr22	6	35	4371
chr22	6	36	2950
chr22	6	37	2018
chr22	6	38	1405
chr22	6	39	911
chr22	6	40	650
chr22	6	41	429
chr22	6	42	322
chr22	6	43	227
chr22	6	44	148
chr22	6	45	132
chr22	6	46	105
chr22	6	47	95
chr22	6	48	97
chr22	6	49	72
chr22	6	50	87
chr22	6	51	93
chr22	6	52	96
chr22	6	53	118
chr22	6	54	152
chr22	6	55	148
chr22	6	56	152
chr22	6	57	195
chr22	6	58	152
chr22	6	59	110
chr22	6	60	85
chr22	6	61	65
chr22	6	62	40
chr22	6	63	15
chr22	6	64	6
chr22	6	65	4
chrX	6	7	187
chrX	6	8	256
chrX	6	9	276
chrX	6	10	325
chrX	6	11	360
chrX	6	12	436
chrX	6	13	498
chrX	6	14	492
chrX	6	15	586
chrX	6	16	696
chrX	6	17	718
chrX	6	18	810
chrX	6	19	917
chrX	6	20	973
chrX	6	21	1135
chrX	6	22	1279
chrX	6	23	1456
chrX	6	24	2037
chrX	6	25	1926
chrX	6	26	3381
chrX	6	27	4075
chrX	6	28	6249
chrX	6	29	7056
chrX	6	30	9162
chrX	6	31	11367
chrX	6	32	17232
chrX	6	33	23972
chrX	6	34	20422
chrX	6	35	17214
chrX	6	36	11400
chrX	6	37	7936
chrX	6	38	5466
chrX	6	39	3622
chrX	6	40	2488
chrX	6	41	1725
chrX	6	42	1159
chrX	6	43	885
chrX	6	44	688
chrX	6	45	458
chrX	6	46	367
chrX	6	47	277
chrX	6	48	288
chrX	6	49	243
chrX	6	50	230
chrX	6	51	257
chrX	6	52	258
chrX	6	53	320
chrX	6	54	379
chrX	6	55	422
chrX	6	56	460
chrX	6	57	456
chrX	6	58	372
chrX	6	59	308
chrX	6	60	250
chrX	6	61	126
chrX	6	62	73
chrX	6	63	48
chrX	6	64	24
chrX	6	65	8
chrX	6	66	3
chrX	6	68	1
chrY	6	7	2
chrY	6	8	1
chrY	6	11	1
chrY	6	13	1
chrY	6	14	1
chrY	6	15	2
chrY	6	16	1
chrY	6	17	1
chrY	6	18	2
chrY	6	19	1
chrY	6	20	1
chrY	6	21	1
chrY	6	22	1
chrY	6	25	3
chrY	6	26	2
chrY	6	28	3
chrY	6	29	2
chrY	6	30	5
chrY	6	31	6
chrY	6	32	12
chrY	6	33	2
chrY	6	34	9
chrY	6	35	4
chrY	6	36	3
chrY	6	37	2
chrY	6	38	2
chrY	6	40	1
chrY	6	42	1
chrM	6	11	1
chrM	6	16	1
chrM	6	21	1
chrM	6	22	1
chrM	6	24	1
chrM	6	26	1
chrM	6	27	2
chrM	6	32	1
chrM	6	36	1
chrM	6	39	1
