##Chromosome	MAQP	Length	ReadsNums
chr1	6	7	651
chr1	6	8	802
chr1	6	9	879
chr1	6	10	1008
chr1	6	11	1178
chr1	6	12	1319
chr1	6	13	1416
chr1	6	14	1494
chr1	6	15	1703
chr1	6	16	1853
chr1	6	17	2058
chr1	6	18	2530
chr1	6	19	2599
chr1	6	20	3297
chr1	6	21	3548
chr1	6	22	4574
chr1	6	23	5324
chr1	6	24	7977
chr1	6	25	7241
chr1	6	26	12368
chr1	6	27	14265
chr1	6	28	20873
chr1	6	29	23359
chr1	6	30	27790
chr1	6	31	33297
chr1	6	32	46643
chr1	6	33	59825
chr1	6	34	51653
chr1	6	35	42678
chr1	6	36	29180
chr1	6	37	20708
chr1	6	38	14808
chr1	6	39	9847
chr1	6	40	7505
chr1	6	41	5206
chr1	6	42	3752
chr1	6	43	2642
chr1	6	44	1952
chr1	6	45	1395
chr1	6	46	1064
chr1	6	47	780
chr1	6	48	647
chr1	6	49	655
chr1	6	50	593
chr1	6	51	624
chr1	6	52	772
chr1	6	53	893
chr1	6	54	1044
chr1	6	55	1232
chr1	6	56	1262
chr1	6	57	1209
chr1	6	58	1140
chr1	6	59	891
chr1	6	60	688
chr1	6	61	470
chr1	6	62	309
chr1	6	63	141
chr1	6	64	72
chr1	6	65	30
chr1	6	66	6
chr1	6	67	8
chr1	6	68	2
chr2	6	7	641
chr2	6	8	828
chr2	6	9	946
chr2	6	10	1002
chr2	6	11	1169
chr2	6	12	1283
chr2	6	13	1478
chr2	6	14	1567
chr2	6	15	1739
chr2	6	16	1869
chr2	6	17	2005
chr2	6	18	2454
chr2	6	19	2697
chr2	6	20	3350
chr2	6	21	3636
chr2	6	22	4678
chr2	6	23	5402
chr2	6	24	8112
chr2	6	25	7661
chr2	6	26	12561
chr2	6	27	14425
chr2	6	28	21641
chr2	6	29	23759
chr2	6	30	28344
chr2	6	31	34083
chr2	6	32	48519
chr2	6	33	62892
chr2	6	34	54095
chr2	6	35	44647
chr2	6	36	30646
chr2	6	37	22160
chr2	6	38	15590
chr2	6	39	10912
chr2	6	40	8020
chr2	6	41	5491
chr2	6	42	4010
chr2	6	43	2807
chr2	6	44	1999
chr2	6	45	1524
chr2	6	46	1114
chr2	6	47	840
chr2	6	48	722
chr2	6	49	649
chr2	6	50	583
chr2	6	51	635
chr2	6	52	671
chr2	6	53	836
chr2	6	54	1048
chr2	6	55	1138
chr2	6	56	1244
chr2	6	57	1230
chr2	6	58	1115
chr2	6	59	915
chr2	6	60	642
chr2	6	61	446
chr2	6	62	264
chr2	6	63	139
chr2	6	64	67
chr2	6	65	34
chr2	6	66	8
chr2	6	67	3
chr2	6	68	2
chr3	6	7	576
chr3	6	8	627
chr3	6	9	741
chr3	6	10	823
chr3	6	11	957
chr3	6	12	1029
chr3	6	13	1149
chr3	6	14	1188
chr3	6	15	1308
chr3	6	16	1471
chr3	6	17	1731
chr3	6	18	1987
chr3	6	19	2165
chr3	6	20	2719
chr3	6	21	2882
chr3	6	22	3790
chr3	6	23	4358
chr3	6	24	6459
chr3	6	25	6282
chr3	6	26	10387
chr3	6	27	11857
chr3	6	28	17684
chr3	6	29	19324
chr3	6	30	23133
chr3	6	31	27905
chr3	6	32	39039
chr3	6	33	51206
chr3	6	34	43672
chr3	6	35	36009
chr3	6	36	25111
chr3	6	37	17807
chr3	6	38	12583
chr3	6	39	8623
chr3	6	40	6517
chr3	6	41	4557
chr3	6	42	3314
chr3	6	43	2307
chr3	6	44	1683
chr3	6	45	1262
chr3	6	46	859
chr3	6	47	679
chr3	6	48	579
chr3	6	49	540
chr3	6	50	483
chr3	6	51	575
chr3	6	52	652
chr3	6	53	706
chr3	6	54	833
chr3	6	55	942
chr3	6	56	1065
chr3	6	57	1029
chr3	6	58	863
chr3	6	59	762
chr3	6	60	563
chr3	6	61	370
chr3	6	62	236
chr3	6	63	116
chr3	6	64	61
chr3	6	65	32
chr3	6	66	8
chr3	6	67	4
chr3	6	68	1
chr4	6	7	464
chr4	6	8	567
chr4	6	9	632
chr4	6	10	748
chr4	6	11	855
chr4	6	12	957
chr4	6	13	1030
chr4	6	14	1121
chr4	6	15	1251
chr4	6	16	1305
chr4	6	17	1487
chr4	6	18	1733
chr4	6	19	1836
chr4	6	20	2421
chr4	6	21	2602
chr4	6	22	3413
chr4	6	23	3837
chr4	6	24	5752
chr4	6	25	5348
chr4	6	26	9250
chr4	6	27	10442
chr4	6	28	15655
chr4	6	29	16951
chr4	6	30	20247
chr4	6	31	24585
chr4	6	32	34738
chr4	6	33	45787
chr4	6	34	39415
chr4	6	35	33202
chr4	6	36	22304
chr4	6	37	16342
chr4	6	38	11487
chr4	6	39	7922
chr4	6	40	5899
chr4	6	41	4126
chr4	6	42	3068
chr4	6	43	2056
chr4	6	44	1468
chr4	6	45	1146
chr4	6	46	786
chr4	6	47	609
chr4	6	48	453
chr4	6	49	429
chr4	6	50	423
chr4	6	51	450
chr4	6	52	489
chr4	6	53	565
chr4	6	54	706
chr4	6	55	774
chr4	6	56	801
chr4	6	57	814
chr4	6	58	755
chr4	6	59	583
chr4	6	60	448
chr4	6	61	304
chr4	6	62	178
chr4	6	63	112
chr4	6	64	47
chr4	6	65	14
chr4	6	66	7
chr4	6	67	1
chr4	6	68	2
chr5	6	7	481
chr5	6	8	585
chr5	6	9	614
chr5	6	10	735
chr5	6	11	830
chr5	6	12	972
chr5	6	13	1055
chr5	6	14	1136
chr5	6	15	1264
chr5	6	16	1342
chr5	6	17	1500
chr5	6	18	1772
chr5	6	19	1850
chr5	6	20	2307
chr5	6	21	2682
chr5	6	22	3353
chr5	6	23	3903
chr5	6	24	5761
chr5	6	25	5547
chr5	6	26	8996
chr5	6	27	10525
chr5	6	28	15510
chr5	6	29	17064
chr5	6	30	20582
chr5	6	31	24278
chr5	6	32	35227
chr5	6	33	45646
chr5	6	34	38579
chr5	6	35	32043
chr5	6	36	22226
chr5	6	37	15663
chr5	6	38	11403
chr5	6	39	7738
chr5	6	40	5834
chr5	6	41	4113
chr5	6	42	2978
chr5	6	43	2158
chr5	6	44	1491
chr5	6	45	1080
chr5	6	46	755
chr5	6	47	623
chr5	6	48	488
chr5	6	49	469
chr5	6	50	423
chr5	6	51	438
chr5	6	52	519
chr5	6	53	624
chr5	6	54	710
chr5	6	55	787
chr5	6	56	873
chr5	6	57	859
chr5	6	58	765
chr5	6	59	606
chr5	6	60	455
chr5	6	61	316
chr5	6	62	197
chr5	6	63	105
chr5	6	64	51
chr5	6	65	24
chr5	6	66	8
chr5	6	67	2
chr6	6	7	430
chr6	6	8	560
chr6	6	9	656
chr6	6	10	666
chr6	6	11	776
chr6	6	12	914
chr6	6	13	980
chr6	6	14	1096
chr6	6	15	1152
chr6	6	16	1302
chr6	6	17	1429
chr6	6	18	1710
chr6	6	19	1851
chr6	6	20	2309
chr6	6	21	2516
chr6	6	22	3223
chr6	6	23	3713
chr6	6	24	5539
chr6	6	25	5122
chr6	6	26	8864
chr6	6	27	10095
chr6	6	28	15124
chr6	6	29	16466
chr6	6	30	19219
chr6	6	31	23857
chr6	6	32	33325
chr6	6	33	43716
chr6	6	34	36832
chr6	6	35	30901
chr6	6	36	21092
chr6	6	37	15233
chr6	6	38	10769
chr6	6	39	7350
chr6	6	40	5475
chr6	6	41	3861
chr6	6	42	2757
chr6	6	43	1913
chr6	6	44	1434
chr6	6	45	1062
chr6	6	46	827
chr6	6	47	583
chr6	6	48	475
chr6	6	49	435
chr6	6	50	438
chr6	6	51	439
chr6	6	52	493
chr6	6	53	637
chr6	6	54	692
chr6	6	55	854
chr6	6	56	850
chr6	6	57	838
chr6	6	58	759
chr6	6	59	655
chr6	6	60	493
chr6	6	61	327
chr6	6	62	206
chr6	6	63	92
chr6	6	64	48
chr6	6	65	24
chr6	6	66	7
chr6	6	67	3
chr6	6	68	2
chr7	6	7	400
chr7	6	8	501
chr7	6	9	541
chr7	6	10	634
chr7	6	11	674
chr7	6	12	837
chr7	6	13	879
chr7	6	14	933
chr7	6	15	1112
chr7	6	16	1176
chr7	6	17	1220
chr7	6	18	1482
chr7	6	19	1679
chr7	6	20	2043
chr7	6	21	2193
chr7	6	22	2947
chr7	6	23	3401
chr7	6	24	4894
chr7	6	25	4664
chr7	6	26	7749
chr7	6	27	8771
chr7	6	28	13245
chr7	6	29	14563
chr7	6	30	17321
chr7	6	31	21153
chr7	6	32	29249
chr7	6	33	38183
chr7	6	34	32372
chr7	6	35	27100
chr7	6	36	18576
chr7	6	37	13281
chr7	6	38	9347
chr7	6	39	6528
chr7	6	40	4804
chr7	6	41	3278
chr7	6	42	2473
chr7	6	43	1688
chr7	6	44	1250
chr7	6	45	860
chr7	6	46	672
chr7	6	47	514
chr7	6	48	437
chr7	6	49	359
chr7	6	50	384
chr7	6	51	388
chr7	6	52	455
chr7	6	53	490
chr7	6	54	608
chr7	6	55	694
chr7	6	56	745
chr7	6	57	725
chr7	6	58	634
chr7	6	59	522
chr7	6	60	393
chr7	6	61	253
chr7	6	62	160
chr7	6	63	70
chr7	6	64	42
chr7	6	65	20
chr7	6	66	11
chr7	6	67	3
chr7	6	68	2
chr8	6	7	393
chr8	6	8	469
chr8	6	9	566
chr8	6	10	618
chr8	6	11	718
chr8	6	12	794
chr8	6	13	862
chr8	6	14	898
chr8	6	15	1018
chr8	6	16	1135
chr8	6	17	1210
chr8	6	18	1490
chr8	6	19	1601
chr8	6	20	1976
chr8	6	21	2169
chr8	6	22	2838
chr8	6	23	3206
chr8	6	24	4738
chr8	6	25	4443
chr8	6	26	7638
chr8	6	27	8607
chr8	6	28	12967
chr8	6	29	14136
chr8	6	30	16904
chr8	6	31	20525
chr8	6	32	29260
chr8	6	33	38095
chr8	6	34	32726
chr8	6	35	27127
chr8	6	36	18468
chr8	6	37	13412
chr8	6	38	9551
chr8	6	39	6581
chr8	6	40	4926
chr8	6	41	3402
chr8	6	42	2548
chr8	6	43	1743
chr8	6	44	1294
chr8	6	45	898
chr8	6	46	650
chr8	6	47	508
chr8	6	48	415
chr8	6	49	378
chr8	6	50	326
chr8	6	51	380
chr8	6	52	399
chr8	6	53	531
chr8	6	54	557
chr8	6	55	686
chr8	6	56	735
chr8	6	57	699
chr8	6	58	662
chr8	6	59	485
chr8	6	60	394
chr8	6	61	260
chr8	6	62	151
chr8	6	63	79
chr8	6	64	39
chr8	6	65	14
chr8	6	66	8
chr8	6	67	2
chr8	6	68	1
chr8	6	69	1
chr9	6	7	292
chr9	6	8	364
chr9	6	9	433
chr9	6	10	485
chr9	6	11	567
chr9	6	12	675
chr9	6	13	658
chr9	6	14	756
chr9	6	15	879
chr9	6	16	895
chr9	6	17	1016
chr9	6	18	1106
chr9	6	19	1285
chr9	6	20	1563
chr9	6	21	1797
chr9	6	22	2235
chr9	6	23	2633
chr9	6	24	3810
chr9	6	25	3758
chr9	6	26	6035
chr9	6	27	7035
chr9	6	28	10456
chr9	6	29	11409
chr9	6	30	13573
chr9	6	31	16376
chr9	6	32	22861
chr9	6	33	29559
chr9	6	34	24979
chr9	6	35	21472
chr9	6	36	14451
chr9	6	37	10404
chr9	6	38	7255
chr9	6	39	4883
chr9	6	40	3686
chr9	6	41	2519
chr9	6	42	1874
chr9	6	43	1251
chr9	6	44	1039
chr9	6	45	652
chr9	6	46	555
chr9	6	47	377
chr9	6	48	366
chr9	6	49	294
chr9	6	50	269
chr9	6	51	304
chr9	6	52	344
chr9	6	53	391
chr9	6	54	505
chr9	6	55	556
chr9	6	56	585
chr9	6	57	612
chr9	6	58	538
chr9	6	59	440
chr9	6	60	353
chr9	6	61	197
chr9	6	62	119
chr9	6	63	68
chr9	6	64	37
chr9	6	65	18
chr9	6	66	8
chr9	6	67	3
chr10	6	7	382
chr10	6	8	480
chr10	6	9	518
chr10	6	10	618
chr10	6	11	740
chr10	6	12	756
chr10	6	13	837
chr10	6	14	926
chr10	6	15	1030
chr10	6	16	1110
chr10	6	17	1190
chr10	6	18	1469
chr10	6	19	1554
chr10	6	20	1980
chr10	6	21	2063
chr10	6	22	2695
chr10	6	23	3165
chr10	6	24	4634
chr10	6	25	4352
chr10	6	26	7171
chr10	6	27	8338
chr10	6	28	12171
chr10	6	29	13601
chr10	6	30	16230
chr10	6	31	19875
chr10	6	32	27827
chr10	6	33	35815
chr10	6	34	30690
chr10	6	35	25834
chr10	6	36	17635
chr10	6	37	12387
chr10	6	38	8837
chr10	6	39	6228
chr10	6	40	4448
chr10	6	41	3165
chr10	6	42	2355
chr10	6	43	1559
chr10	6	44	1191
chr10	6	45	800
chr10	6	46	630
chr10	6	47	495
chr10	6	48	419
chr10	6	49	346
chr10	6	50	364
chr10	6	51	362
chr10	6	52	424
chr10	6	53	479
chr10	6	54	594
chr10	6	55	685
chr10	6	56	765
chr10	6	57	734
chr10	6	58	617
chr10	6	59	524
chr10	6	60	369
chr10	6	61	274
chr10	6	62	158
chr10	6	63	75
chr10	6	64	31
chr10	6	65	8
chr10	6	66	11
chr10	6	68	1
chr11	6	7	422
chr11	6	8	485
chr11	6	9	567
chr11	6	10	548
chr11	6	11	743
chr11	6	12	749
chr11	6	13	806
chr11	6	14	907
chr11	6	15	976
chr11	6	16	1093
chr11	6	17	1213
chr11	6	18	1450
chr11	6	19	1497
chr11	6	20	1857
chr11	6	21	2091
chr11	6	22	2719
chr11	6	23	3098
chr11	6	24	4519
chr11	6	25	4304
chr11	6	26	7268
chr11	6	27	8310
chr11	6	28	12346
chr11	6	29	13491
chr11	6	30	16240
chr11	6	31	19424
chr11	6	32	27371
chr11	6	33	35140
chr11	6	34	30369
chr11	6	35	25509
chr11	6	36	17203
chr11	6	37	12448
chr11	6	38	8397
chr11	6	39	6001
chr11	6	40	4498
chr11	6	41	3035
chr11	6	42	2294
chr11	6	43	1511
chr11	6	44	1195
chr11	6	45	791
chr11	6	46	613
chr11	6	47	501
chr11	6	48	378
chr11	6	49	362
chr11	6	50	336
chr11	6	51	370
chr11	6	52	440
chr11	6	53	502
chr11	6	54	596
chr11	6	55	684
chr11	6	56	699
chr11	6	57	713
chr11	6	58	617
chr11	6	59	482
chr11	6	60	360
chr11	6	61	243
chr11	6	62	153
chr11	6	63	71
chr11	6	64	47
chr11	6	65	13
chr11	6	66	7
chr11	6	67	2
chr11	6	69	2
chr12	6	7	365
chr12	6	8	436
chr12	6	9	491
chr12	6	10	538
chr12	6	11	673
chr12	6	12	741
chr12	6	13	799
chr12	6	14	880
chr12	6	15	940
chr12	6	16	1059
chr12	6	17	1118
chr12	6	18	1374
chr12	6	19	1461
chr12	6	20	1923
chr12	6	21	2028
chr12	6	22	2476
chr12	6	23	2929
chr12	6	24	4447
chr12	6	25	4180
chr12	6	26	6739
chr12	6	27	8217
chr12	6	28	11815
chr12	6	29	13237
chr12	6	30	15694
chr12	6	31	18590
chr12	6	32	26266
chr12	6	33	33877
chr12	6	34	29188
chr12	6	35	24183
chr12	6	36	16564
chr12	6	37	11682
chr12	6	38	8362
chr12	6	39	5782
chr12	6	40	4295
chr12	6	41	2941
chr12	6	42	2294
chr12	6	43	1503
chr12	6	44	1106
chr12	6	45	826
chr12	6	46	562
chr12	6	47	440
chr12	6	48	422
chr12	6	49	368
chr12	6	50	326
chr12	6	51	347
chr12	6	52	419
chr12	6	53	519
chr12	6	54	574
chr12	6	55	612
chr12	6	56	738
chr12	6	57	682
chr12	6	58	627
chr12	6	59	482
chr12	6	60	342
chr12	6	61	234
chr12	6	62	147
chr12	6	63	72
chr12	6	64	40
chr12	6	65	18
chr12	6	66	4
chr12	6	67	7
chr13	6	7	229
chr13	6	8	305
chr13	6	9	370
chr13	6	10	360
chr13	6	11	469
chr13	6	12	470
chr13	6	13	544
chr13	6	14	605
chr13	6	15	643
chr13	6	16	735
chr13	6	17	769
chr13	6	18	926
chr13	6	19	1000
chr13	6	20	1274
chr13	6	21	1333
chr13	6	22	1840
chr13	6	23	2003
chr13	6	24	2954
chr13	6	25	2856
chr13	6	26	4737
chr13	6	27	5490
chr13	6	28	8181
chr13	6	29	9125
chr13	6	30	10828
chr13	6	31	13033
chr13	6	32	18425
chr13	6	33	24465
chr13	6	34	20680
chr13	6	35	17317
chr13	6	36	11642
chr13	6	37	8414
chr13	6	38	6059
chr13	6	39	4106
chr13	6	40	3166
chr13	6	41	2200
chr13	6	42	1549
chr13	6	43	1076
chr13	6	44	793
chr13	6	45	571
chr13	6	46	398
chr13	6	47	326
chr13	6	48	269
chr13	6	49	260
chr13	6	50	214
chr13	6	51	263
chr13	6	52	280
chr13	6	53	306
chr13	6	54	394
chr13	6	55	442
chr13	6	56	448
chr13	6	57	484
chr13	6	58	402
chr13	6	59	341
chr13	6	60	267
chr13	6	61	190
chr13	6	62	100
chr13	6	63	43
chr13	6	64	33
chr13	6	65	10
chr13	6	66	2
chr14	6	7	211
chr14	6	8	304
chr14	6	9	339
chr14	6	10	334
chr14	6	11	463
chr14	6	12	473
chr14	6	13	604
chr14	6	14	598
chr14	6	15	686
chr14	6	16	710
chr14	6	17	786
chr14	6	18	916
chr14	6	19	1012
chr14	6	20	1305
chr14	6	21	1418
chr14	6	22	1833
chr14	6	23	2002
chr14	6	24	3012
chr14	6	25	2832
chr14	6	26	4844
chr14	6	27	5479
chr14	6	28	8039
chr14	6	29	8898
chr14	6	30	10655
chr14	6	31	12786
chr14	6	32	17708
chr14	6	33	23003
chr14	6	34	19960
chr14	6	35	16419
chr14	6	36	11385
chr14	6	37	8129
chr14	6	38	5777
chr14	6	39	3946
chr14	6	40	2955
chr14	6	41	2029
chr14	6	42	1490
chr14	6	43	979
chr14	6	44	789
chr14	6	45	584
chr14	6	46	380
chr14	6	47	315
chr14	6	48	273
chr14	6	49	252
chr14	6	50	216
chr14	6	51	237
chr14	6	52	287
chr14	6	53	330
chr14	6	54	397
chr14	6	55	389
chr14	6	56	481
chr14	6	57	480
chr14	6	58	427
chr14	6	59	360
chr14	6	60	248
chr14	6	61	172
chr14	6	62	96
chr14	6	63	53
chr14	6	64	16
chr14	6	65	6
chr14	6	66	2
chr14	6	67	2
chr14	6	68	1
chr15	6	7	263
chr15	6	8	294
chr15	6	9	342
chr15	6	10	366
chr15	6	11	384
chr15	6	12	484
chr15	6	13	522
chr15	6	14	571
chr15	6	15	654
chr15	6	16	663
chr15	6	17	747
chr15	6	18	841
chr15	6	19	935
chr15	6	20	1270
chr15	6	21	1248
chr15	6	22	1589
chr15	6	23	1956
chr15	6	24	2802
chr15	6	25	2751
chr15	6	26	4402
chr15	6	27	5164
chr15	6	28	7469
chr15	6	29	8330
chr15	6	30	9947
chr15	6	31	12027
chr15	6	32	16635
chr15	6	33	21842
chr15	6	34	18700
chr15	6	35	15146
chr15	6	36	10502
chr15	6	37	7661
chr15	6	38	5232
chr15	6	39	3629
chr15	6	40	2661
chr15	6	41	1849
chr15	6	42	1420
chr15	6	43	916
chr15	6	44	685
chr15	6	45	466
chr15	6	46	365
chr15	6	47	295
chr15	6	48	246
chr15	6	49	237
chr15	6	50	231
chr15	6	51	248
chr15	6	52	257
chr15	6	53	347
chr15	6	54	378
chr15	6	55	429
chr15	6	56	434
chr15	6	57	483
chr15	6	58	415
chr15	6	59	348
chr15	6	60	237
chr15	6	61	125
chr15	6	62	93
chr15	6	63	56
chr15	6	64	24
chr15	6	65	9
chr15	6	66	6
chr15	6	67	1
chr15	6	68	1
chr15	6	70	1
chr16	6	7	226
chr16	6	8	289
chr16	6	9	331
chr16	6	10	350
chr16	6	11	438
chr16	6	12	474
chr16	6	13	482
chr16	6	14	586
chr16	6	15	648
chr16	6	16	663
chr16	6	17	766
chr16	6	18	893
chr16	6	19	983
chr16	6	20	1156
chr16	6	21	1293
chr16	6	22	1689
chr16	6	23	1951
chr16	6	24	2966
chr16	6	25	2748
chr16	6	26	4400
chr16	6	27	5162
chr16	6	28	7498
chr16	6	29	8170
chr16	6	30	9699
chr16	6	31	11641
chr16	6	32	16211
chr16	6	33	21096
chr16	6	34	18218
chr16	6	35	14903
chr16	6	36	10205
chr16	6	37	7155
chr16	6	38	5132
chr16	6	39	3476
chr16	6	40	2581
chr16	6	41	1801
chr16	6	42	1409
chr16	6	43	883
chr16	6	44	664
chr16	6	45	459
chr16	6	46	385
chr16	6	47	285
chr16	6	48	230
chr16	6	49	231
chr16	6	50	198
chr16	6	51	230
chr16	6	52	260
chr16	6	53	292
chr16	6	54	371
chr16	6	55	422
chr16	6	56	453
chr16	6	57	437
chr16	6	58	372
chr16	6	59	360
chr16	6	60	227
chr16	6	61	148
chr16	6	62	82
chr16	6	63	53
chr16	6	64	15
chr16	6	65	11
chr16	6	66	3
chr16	6	68	1
chr17	6	7	228
chr17	6	8	294
chr17	6	9	360
chr17	6	10	417
chr17	6	11	471
chr17	6	12	483
chr17	6	13	543
chr17	6	14	614
chr17	6	15	620
chr17	6	16	788
chr17	6	17	768
chr17	6	18	982
chr17	6	19	1025
chr17	6	20	1248
chr17	6	21	1285
chr17	6	22	1702
chr17	6	23	2000
chr17	6	24	2833
chr17	6	25	2760
chr17	6	26	4567
chr17	6	27	5257
chr17	6	28	7741
chr17	6	29	8539
chr17	6	30	9976
chr17	6	31	11970
chr17	6	32	16365
chr17	6	33	20925
chr17	6	34	17838
chr17	6	35	14574
chr17	6	36	9972
chr17	6	37	6949
chr17	6	38	4947
chr17	6	39	3347
chr17	6	40	2594
chr17	6	41	1726
chr17	6	42	1287
chr17	6	43	918
chr17	6	44	644
chr17	6	45	451
chr17	6	46	355
chr17	6	47	308
chr17	6	48	251
chr17	6	49	221
chr17	6	50	260
chr17	6	51	271
chr17	6	52	269
chr17	6	53	327
chr17	6	54	384
chr17	6	55	451
chr17	6	56	479
chr17	6	57	535
chr17	6	58	441
chr17	6	59	344
chr17	6	60	283
chr17	6	61	174
chr17	6	62	112
chr17	6	63	67
chr17	6	64	19
chr17	6	65	10
chr17	6	66	3
chr17	6	67	3
chr18	6	7	209
chr18	6	8	242
chr18	6	9	304
chr18	6	10	328
chr18	6	11	356
chr18	6	12	440
chr18	6	13	438
chr18	6	14	475
chr18	6	15	573
chr18	6	16	609
chr18	6	17	627
chr18	6	18	798
chr18	6	19	874
chr18	6	20	1035
chr18	6	21	1169
chr18	6	22	1512
chr18	6	23	1692
chr18	6	24	2574
chr18	6	25	2417
chr18	6	26	3868
chr18	6	27	4479
chr18	6	28	7081
chr18	6	29	7659
chr18	6	30	8808
chr18	6	31	10776
chr18	6	32	15456
chr18	6	33	20322
chr18	6	34	17232
chr18	6	35	14404
chr18	6	36	9956
chr18	6	37	7115
chr18	6	38	5029
chr18	6	39	3532
chr18	6	40	2649
chr18	6	41	1750
chr18	6	42	1356
chr18	6	43	926
chr18	6	44	663
chr18	6	45	482
chr18	6	46	365
chr18	6	47	264
chr18	6	48	210
chr18	6	49	199
chr18	6	50	189
chr18	6	51	200
chr18	6	52	230
chr18	6	53	265
chr18	6	54	305
chr18	6	55	373
chr18	6	56	391
chr18	6	57	333
chr18	6	58	340
chr18	6	59	273
chr18	6	60	219
chr18	6	61	131
chr18	6	62	86
chr18	6	63	43
chr18	6	64	14
chr18	6	65	13
chr18	6	66	2
chr19	6	7	156
chr19	6	8	208
chr19	6	9	238
chr19	6	10	243
chr19	6	11	277
chr19	6	12	318
chr19	6	13	365
chr19	6	14	384
chr19	6	15	471
chr19	6	16	483
chr19	6	17	571
chr19	6	18	615
chr19	6	19	676
chr19	6	20	843
chr19	6	21	961
chr19	6	22	1159
chr19	6	23	1408
chr19	6	24	1935
chr19	6	25	1934
chr19	6	26	3125
chr19	6	27	3529
chr19	6	28	5070
chr19	6	29	5707
chr19	6	30	6437
chr19	6	31	7667
chr19	6	32	10524
chr19	6	33	12653
chr19	6	34	10944
chr19	6	35	8852
chr19	6	36	6029
chr19	6	37	4211
chr19	6	38	2838
chr19	6	39	1931
chr19	6	40	1435
chr19	6	41	953
chr19	6	42	729
chr19	6	43	470
chr19	6	44	380
chr19	6	45	261
chr19	6	46	227
chr19	6	47	186
chr19	6	48	148
chr19	6	49	144
chr19	6	50	133
chr19	6	51	189
chr19	6	52	167
chr19	6	53	216
chr19	6	54	240
chr19	6	55	261
chr19	6	56	309
chr19	6	57	327
chr19	6	58	288
chr19	6	59	226
chr19	6	60	176
chr19	6	61	105
chr19	6	62	62
chr19	6	63	32
chr19	6	64	15
chr19	6	65	6
chr19	6	66	3
chr19	6	67	1
chr19	6	70	1
chr20	6	7	199
chr20	6	8	228
chr20	6	9	275
chr20	6	10	293
chr20	6	11	352
chr20	6	12	388
chr20	6	13	443
chr20	6	14	461
chr20	6	15	520
chr20	6	16	625
chr20	6	17	648
chr20	6	18	724
chr20	6	19	797
chr20	6	20	935
chr20	6	21	1096
chr20	6	22	1349
chr20	6	23	1587
chr20	6	24	2338
chr20	6	25	2254
chr20	6	26	3710
chr20	6	27	4286
chr20	6	28	6364
chr20	6	29	7002
chr20	6	30	8240
chr20	6	31	10163
chr20	6	32	14176
chr20	6	33	17704
chr20	6	34	15433
chr20	6	35	12822
chr20	6	36	8771
chr20	6	37	6130
chr20	6	38	4286
chr20	6	39	2990
chr20	6	40	2260
chr20	6	41	1440
chr20	6	42	1173
chr20	6	43	770
chr20	6	44	578
chr20	6	45	408
chr20	6	46	307
chr20	6	47	237
chr20	6	48	221
chr20	6	49	208
chr20	6	50	213
chr20	6	51	183
chr20	6	52	249
chr20	6	53	273
chr20	6	54	313
chr20	6	55	386
chr20	6	56	383
chr20	6	57	381
chr20	6	58	335
chr20	6	59	284
chr20	6	60	195
chr20	6	61	136
chr20	6	62	77
chr20	6	63	47
chr20	6	64	17
chr20	6	65	9
chr20	6	66	5
chr20	6	67	1
chr20	6	68	1
chr21	6	7	109
chr21	6	8	122
chr21	6	9	148
chr21	6	10	158
chr21	6	11	169
chr21	6	12	210
chr21	6	13	236
chr21	6	14	243
chr21	6	15	268
chr21	6	16	298
chr21	6	17	320
chr21	6	18	356
chr21	6	19	407
chr21	6	20	520
chr21	6	21	566
chr21	6	22	735
chr21	6	23	814
chr21	6	24	1174
chr21	6	25	1081
chr21	6	26	1842
chr21	6	27	2196
chr21	6	28	3294
chr21	6	29	3607
chr21	6	30	4129
chr21	6	31	4921
chr21	6	32	7019
chr21	6	33	9104
chr21	6	34	7808
chr21	6	35	6313
chr21	6	36	4498
chr21	6	37	3112
chr21	6	38	2239
chr21	6	39	1547
chr21	6	40	1127
chr21	6	41	779
chr21	6	42	563
chr21	6	43	393
chr21	6	44	267
chr21	6	45	212
chr21	6	46	153
chr21	6	47	138
chr21	6	48	114
chr21	6	49	87
chr21	6	50	91
chr21	6	51	103
chr21	6	52	104
chr21	6	53	138
chr21	6	54	157
chr21	6	55	173
chr21	6	56	183
chr21	6	57	185
chr21	6	58	171
chr21	6	59	130
chr21	6	60	105
chr21	6	61	50
chr21	6	62	46
chr21	6	63	21
chr21	6	64	10
chr21	6	65	5
chr21	6	66	3
chr22	6	7	117
chr22	6	8	149
chr22	6	9	166
chr22	6	10	186
chr22	6	11	223
chr22	6	12	229
chr22	6	13	263
chr22	6	14	326
chr22	6	15	333
chr22	6	16	392
chr22	6	17	403
chr22	6	18	502
chr22	6	19	533
chr22	6	20	589
chr22	6	21	654
chr22	6	22	876
chr22	6	23	957
chr22	6	24	1419
chr22	6	25	1440
chr22	6	26	2218
chr22	6	27	2562
chr22	6	28	3809
chr22	6	29	4075
chr22	6	30	4862
chr22	6	31	5739
chr22	6	32	8082
chr22	6	33	10032
chr22	6	34	8696
chr22	6	35	7080
chr22	6	36	4677
chr22	6	37	3322
chr22	6	38	2380
chr22	6	39	1642
chr22	6	40	1189
chr22	6	41	801
chr22	6	42	598
chr22	6	43	427
chr22	6	44	312
chr22	6	45	221
chr22	6	46	199
chr22	6	47	160
chr22	6	48	133
chr22	6	49	111
chr22	6	50	116
chr22	6	51	136
chr22	6	52	134
chr22	6	53	181
chr22	6	54	202
chr22	6	55	243
chr22	6	56	223
chr22	6	57	234
chr22	6	58	218
chr22	6	59	139
chr22	6	60	96
chr22	6	61	72
chr22	6	62	51
chr22	6	63	17
chr22	6	64	12
chr22	6	65	5
chrX	6	7	345
chrX	6	8	415
chrX	6	9	442
chrX	6	10	472
chrX	6	11	600
chrX	6	12	676
chrX	6	13	677
chrX	6	14	747
chrX	6	15	931
chrX	6	16	911
chrX	6	17	1029
chrX	6	18	1246
chrX	6	19	1292
chrX	6	20	1581
chrX	6	21	1705
chrX	6	22	2183
chrX	6	23	2503
chrX	6	24	3595
chrX	6	25	3374
chrX	6	26	5669
chrX	6	27	6766
chrX	6	28	10395
chrX	6	29	11652
chrX	6	30	13852
chrX	6	31	17148
chrX	6	32	24880
chrX	6	33	33127
chrX	6	34	28448
chrX	6	35	23951
chrX	6	36	16382
chrX	6	37	11660
chrX	6	38	8248
chrX	6	39	5689
chrX	6	40	4279
chrX	6	41	2958
chrX	6	42	2164
chrX	6	43	1532
chrX	6	44	1082
chrX	6	45	754
chrX	6	46	565
chrX	6	47	402
chrX	6	48	383
chrX	6	49	301
chrX	6	50	267
chrX	6	51	297
chrX	6	52	300
chrX	6	53	375
chrX	6	54	486
chrX	6	55	566
chrX	6	56	572
chrX	6	57	544
chrX	6	58	494
chrX	6	59	439
chrX	6	60	308
chrX	6	61	193
chrX	6	62	151
chrX	6	63	58
chrX	6	64	37
chrX	6	65	14
chrX	6	66	4
chrX	6	68	2
chrY	6	7	4
chrY	6	8	5
chrY	6	9	3
chrY	6	10	7
chrY	6	11	4
chrY	6	13	4
chrY	6	14	7
chrY	6	15	10
chrY	6	16	9
chrY	6	17	9
chrY	6	18	9
chrY	6	19	10
chrY	6	20	27
chrY	6	21	14
chrY	6	22	36
chrY	6	23	41
chrY	6	24	54
chrY	6	25	52
chrY	6	26	85
chrY	6	27	101
chrY	6	28	113
chrY	6	29	120
chrY	6	30	108
chrY	6	31	115
chrY	6	32	121
chrY	6	33	144
chrY	6	34	111
chrY	6	35	84
chrY	6	36	65
chrY	6	37	28
chrY	6	38	16
chrY	6	39	23
chrY	6	40	22
chrY	6	41	3
chrY	6	42	5
chrY	6	43	2
chrY	6	44	2
chrY	6	45	2
chrY	6	46	2
chrY	6	48	3
chrY	6	49	1
chrY	6	51	3
chrY	6	52	1
chrY	6	53	2
chrY	6	54	2
chrY	6	55	2
chrY	6	56	3
chrY	6	57	3
chrY	6	58	3
chrY	6	59	2
chrM	6	20	1
chrM	6	22	4
chrM	6	23	2
chrM	6	24	1
chrM	6	25	1
chrM	6	26	1
chrM	6	27	1
chrM	6	28	1
chrM	6	29	1
chrM	6	33	1
chrM	6	34	2
chrM	6	36	2
chrM	6	38	1
