chr1	1	1.03725811109357	0.0226881134773032
chr1	2	0.913413023774867	0.0239563767976572
chr1	3	0.90615234605877	0.0209295277083964
chr1	4	0.975393041197366	0.0222414485049297
chr1	5	1.07332281819942	0.0288795936384335
chr1	6	1.00062241757772	0.0207092850934126
chr1	7	1.02234604656897	0.0218239962194498
chr1	8	0.978538381405085	0.0298281068835778
chr1	9	1.02300463433127	0.0264937091958998
chr1	10	0.975448088241538	0.0238550154467755
chr1	11	1.02200059513131	0.0280491610380931
chr1	12	0.973025041770314	0.0260127605994668
chr1	13	1.05061571057723	0.032981798277911
chr1	14	1.10886221351041	0.029240400862532
chr1	15	1.05964910042171	0.0276774972627085
chr1	16	0.935946730916785	0.0236093525222311
chr1	17	1.06807065064237	0.0274637810447323
chr1	18	0.90789798683657	0.0339553358355507
chr1	19	1.06447610655077	0.0283782353854284
chr1	20	0.944003258437363	0.0279545586375496
chr1	21	1.0605530770542	0.0273633916562106
chr1	22	1.01034564001012	0.0288271398977271
chr1	23	1.04005510628732	0.0336815526534715
chr1	24	1.0639652494699	0.0375088624850307
chr1	25	1.00956132460395	0.0298754165904637
chr1	26	0.946896346655498	0.0281616088440075
chr1	27	1.01071256070133	0.0279125086916626
chr1	28	1.04673450213524	0.0320818326494127
chr1	29	0.975235178986647	0.026319549638046
chr1	30	0.981758933242248	0.0282933501115071
chr1	31	0.925728349123609	0.0277816323108571
chr1	32	0.995253395186163	0.0231969289349666
chr1	33	1.00889212616904	0.0266944007066392
chr1	34	0.987167401542003	0.0265344785623276
chr1	35	0.980572218227224	0.0278057677108654
chr1	36	1.02633614626803	0.0357323820923792
chr1	37	0.995560293910698	0.0335554604774467
chr1	38	0.972900897317987	0.0347294876107748
chr1	39	0.989692941828737	0.0296388655746469
chr1	40	0.995454383784905	0.0345175707987544
chr1	41	0.97999277789337	0.0312798489165058
chr1	42	0.964697861979616	0.0268947766966793
chr1	43	1.01287421559466	0.0404658345677806
chr1	44	0.989980988443587	0.0312337487278293
chr1	45	0.973693256750207	0.0327996057210324
chr1	46	1.01301197118721	0.0357154908740179
chr1	47	0.986927797341883	0.0265143522246336
chr1	48	1.00395396645901	0.0341482969636911
chr1	49	1.05790408783308	0.0282524556759864
chr1	50	0.986605335044419	0.0271275081489482
chr1	51	1.0329777322129	0.0323996958134166
chr1	52	0.995932326044373	0.0268991376672391
chr1	53	1.01390158752026	0.0309816467621065
chr1	54	1.00046720859549	0.034270735594758
chr1	55	1.03018185755813	0.0270503532993681
chr1	56	0.990596052917217	0.0317299830400073
chr1	57	1.00871114852821	0.0332105241053784
chr1	58	1.01298022897651	0.0292877323340329
chr1	59	1.03342566530156	0.0373752068997254
chr1	60	1.03418902274739	0.0291867268356094
chr1	61	1.01843634420762	0.0265961222605398
chr1	62	1.0369406220922	0.0275286830706294
chr1	63	0.983696868632828	0.0309756789214966
chr1	64	0.996921879836858	0.0285822622106642
chr1	65	0.975378007739807	0.0267020460788218
chr1	66	1.12757058874598	0.0367119602889587
chr1	67	1.20407022180267	0.0284024353774696
chr1	68	0.995781368028058	0.0309675088745176
chr1	69	1.14118387156384	0.0294456795554788
chr1	70	1.0364643318577	0.0265498697104117
chr1	71	1.01801293659379	0.0315084335190951
chr1	72	1.12024948098935	0.0303280317184422
chr1	73	0.969262156953412	0.0324108213980776
chr1	74	0.984973320727167	0.0316431256459604
chr1	75	0.96926218458034	0.0315313129574335
chr1	76	1.03411522570161	0.0282275126755037
chr1	77	1.03324388350219	0.0269747982870203
chr1	78	1.00613677957915	0.0297379617585556
chr1	79	1.05620090970973	0.027391697880729
chr1	80	0.997173755132961	0.0357801556472556
chr1	81	0.951410574299664	0.0269377851855278
chr1	82	1.0012324978496	0.0309181454481543
chr1	83	1.01654891138399	0.0308422557621094
chr1	84	1.00283035232454	0.0276304796898513
chr1	85	1.02010960758543	0.0307325757873078
chr1	86	1.03064942499723	0.0242328078163044
chr1	87	0.980261678485119	0.0290507579628332
chr1	88	0.980985782355228	0.0408805050074317
chr1	89	1.00328906448459	0.0292976568083649
chr1	90	1.01318149937912	0.0270654514073329
chr1	91	0.976804326020537	0.0291516751582103
chr1	92	1.02689305801723	0.0249442899326416
chr1	93	1.01745148563596	0.0286902269297631
chr1	94	1.0009807368744	0.0344479783767369
chr1	95	1.02768798684111	0.0274359164952621
chr1	96	1.00195556710419	0.0269814364114402
chr1	97	1.0336850011246	0.0274051290603932
chr1	98	0.974514615529986	0.0340768581942686
chr1	99	0.955800165412775	0.0310544611059079
chr1	100	1.04949613271172	0.0303181523289301
chr1	101	0.988697019956266	0.0310027664214408
chr1	102	0.977591217376041	0.0312232132228251
chr1	103	0.969781142660088	0.0311891150438797
chr1	104	0.986177448211928	0.0321352762394758
chr1	105	1.00894456807072	0.0314239629681836
chr1	106	0.994247327921292	0.0317254883868397
chr1	107	0.996020361667296	0.028532083118776
chr1	108	1.05097284246567	0.0293244098522169
chr1	109	1.02618772111393	0.0256370556706208
chr1	110	0.983583484825756	0.0326978699858453
chr1	111	0.989855253023564	0.0312408493418408
chr1	112	0.965518111034056	0.0287750197969195
chr1	113	1.05811831632492	0.0222185259792605
chr1	114	0.990143997642259	0.0239548725021983
chr1	115	0.952314161204949	0.032973037654059
chr1	116	0.981853315612241	0.0370884316427069
chr1	117	1.017731909568	0.0222964269873935
chr1	118	1.01367326978954	0.030777612232045
chr1	119	1.67185992869758	0.0366764282762035
chr2	1	0.935809527148994	0.0296466724965586
chr2	2	0.924006546291005	0.0231355392963098
chr2	3	0.970933618059419	0.0232315069767195
chr2	4	0.941670177917642	0.0274048475590203
chr2	5	0.984202356716902	0.0280751120459309
chr2	6	1.05576735781403	0.0236457718385357
chr2	7	0.997045071028966	0.0290469652340575
chr2	8	0.979018015517002	0.0300501867214391
chr2	9	0.982379083654452	0.0350522955326214
chr2	10	0.983842959084696	0.0289406536929202
chr2	11	0.951960139160601	0.0258817540982278
chr2	12	0.955289684758105	0.027388049844196
chr2	13	0.990059368164733	0.0286020380746067
chr2	14	0.9622396014903	0.0269904106693365
chr2	15	1.04485340590034	0.0274308492759892
chr2	16	1.04582105454947	0.0277258801538043
chr2	17	1.03847897365203	0.0342940214806905
chr2	18	0.939989315575945	0.029082628970713
chr2	19	1.01195975571792	0.0248972557007293
chr2	20	1.01839006512677	0.0321179001958925
chr2	21	0.991342198492352	0.0255221468827294
chr2	22	1.06062360816954	0.0337512810642846
chr2	23	1.03263383080033	0.027642412296638
chr2	24	0.970768628550166	0.0264191167005527
chr2	25	1.04262784285391	0.0299351469089497
chr2	26	0.997162314285666	0.0286054051171233
chr2	27	0.993904302426785	0.025662957359019
chr2	28	1.03633494416468	0.0314837983569143
chr2	29	0.96538316140219	0.0243408996703951
chr2	30	0.996149239655129	0.0270553029107217
chr2	31	1.01245088005703	0.0270686946230079
chr2	32	1.02974971383761	0.026971577060972
chr2	33	0.971835883294372	0.0262602676018312
chr2	34	0.967598861580682	0.033505438919735
chr2	35	0.985602393455922	0.0329702249459479
chr2	36	1.05758218474882	0.0302198424917927
chr2	37	1.06739068243682	0.028390044893828
chr2	38	0.987996792408994	0.0215016930103806
chr2	39	0.95527171118489	0.0296840149936916
chr2	40	1.07184819033051	0.0312459727165056
chr2	41	0.997181290915254	0.0222595182766288
chr2	42	1.03090987792406	0.0231917830908481
chr2	43	1.03345818705193	0.0289246681843048
chr2	44	0.993922515708162	0.0285122577807402
chr2	45	0.989010180491627	0.0243026749214648
chr2	46	0.987107135652739	0.0287203840977422
chr2	47	0.992902498367251	0.0321950130246207
chr2	48	0.975979090217027	0.0310845563491188
chr2	49	1.04801611944799	0.0238483733046549
chr2	50	1.59041703468626	0.0487449882805701
chr2	51	1.03545014186456	0.0257885477527435
chr2	52	0.979560331587844	0.0296897939858402
chr2	53	1.02868880546276	0.0256087704739083
chr2	54	0.977140057127467	0.029216609070729
chr2	55	0.989530955948939	0.0250363376191578
chr2	56	0.991019170677659	0.0284169864050711
chr2	57	0.974761705694948	0.0296298438771023
chr2	58	1.07347054303017	0.0275335787705741
chr2	59	1.01797042671545	0.0282624748955177
chr2	60	0.996753011737425	0.0349240229455137
chr2	61	0.959948201596764	0.0284176533735044
chr2	62	0.97839477529161	0.0219543499878398
chr2	63	0.933956552843169	0.0238979283490464
chr2	64	0.97284307433856	0.0310625248697325
chr2	65	0.989627334157167	0.0330714897004389
chr2	66	0.962071185427703	0.0282087084833582
chr2	67	1.01437254108262	0.0255545763454411
chr2	68	1.07533951252979	0.0302705933677222
chr2	69	0.943359253151688	0.0289640223811559
chr2	70	1.02753599938968	0.026839017488399
chr2	71	0.986273542542729	0.0227369743105338
chr2	72	0.981842564417661	0.030884351787119
chr2	73	0.989045974867034	0.0362244667366312
chr2	74	0.980414018805512	0.0286541570151098
chr2	75	1.04027639484287	0.0290108171198766
chr2	76	1.02428354265174	0.0394712559859483
chr2	77	0.987294550261773	0.0303450696720636
chr2	78	0.998554286118359	0.0347317495478536
chr2	79	0.994984922947025	0.0322560842474673
chr2	80	1.0091271199809	0.0306550509911492
chr2	81	0.991579101391191	0.029817954780979
chr2	82	1.0027342273752	0.0313281750096757
chr2	83	1.013996402545	0.0267340376647836
chr2	84	1.04131253825416	0.0295050041960294
chr2	85	0.99208387037642	0.0322711857612515
chr2	86	0.973894504957064	0.0301554060557197
chr2	87	0.969876426098926	0.0317593210929597
chr2	88	0.969740582529159	0.0263223538494617
chr2	89	1.00770307646777	0.0285912960676284
chr2	90	1.02716301010758	0.0356092165813035
chr2	91	1.03725168278545	0.0308186555947237
chr2	92	1.0122496453026	0.0192176897014935
chr2	93	0.963787482702943	0.0242457635621786
chr2	94	0.992754333907998	0.0275816889785655
chr2	95	0.986026448666483	0.0317015872821166
chr2	96	0.99046167669474	0.0357590108256509
chr2	97	0.996716736258965	0.0360829971661789
chr2	98	0.98901961281697	0.0329432510800386
chr2	99	1.00543547179042	0.0255308060382205
chr2	100	0.970709053681798	0.0267855369106586
chr2	101	1.04286435615066	0.0245651189646499
chr2	102	0.984820524549556	0.0318221989061743
chr2	103	0.986588006948221	0.0365094678627276
chr2	104	0.988215552138023	0.0283703990465794
chr2	105	1.02220719953567	0.0323268978498514
chr2	106	0.969499270729158	0.0321980186530375
chr2	107	1.0322533370755	0.0308500509860498
chr2	108	1.01210042947973	0.0305178359091948
chr2	109	0.969459796156543	0.0259376030680227
chr2	110	1.01587903559263	0.0285440596173951
chr2	111	1.00736560314114	0.0203356568242021
chr2	112	0.986241617347012	0.0285807527911305
chr2	113	0.964927341843071	0.0268268775092753
chr2	114	0.971205977457665	0.0299764207684106
chr2	115	1.01098756031756	0.028212077728876
chr2	116	0.968717063722245	0.025839519581148
chr2	117	1.02400258192217	0.0240456804143195
chr2	118	0.966559476936623	0.023370890319514
chr2	119	0.980825096831977	0.0327292668114497
chr2	120	0.993154297940869	0.0241363733186498
chr2	121	0.975633670514981	0.038119187563705
chr2	122	0.989779983180517	0.0228767799012559
chr2	123	1.01516541574837	0.0238568822175123
chr2	124	1.05342732622864	0.0327970575814096
chr2	125	1.01196910016631	0.0264258613607936
chr2	126	0.912586581536707	0.0235038656860389
chr2	127	0.922304502617056	0.0306598230771644
chr2	128	0.988350676895466	0.0256752763458797
chr2	129	1.65983962834	0.0378622581136399
chr3	1	1.00421855626845	0.0331218113958374
chr3	2	0.979650255225222	0.0319970758992466
chr3	3	1.02978968244831	0.0296757384356296
chr3	4	0.978227904175784	0.0256820616776353
chr3	5	0.962379946407472	0.0240289489457945
chr3	6	1.02550633848596	0.030915367123239
chr3	7	0.968612902084906	0.0305713964043689
chr3	8	0.996835412920516	0.0270349132586762
chr3	9	1.0379248377442	0.0379818343781498
chr3	10	1.03038639486552	0.0224410706609145
chr3	11	0.989570947293782	0.0239745895354182
chr3	12	0.991383466700595	0.0273930126178457
chr3	13	1.00034015083076	0.0341294910991362
chr3	14	0.99899172270234	0.0294105029797151
chr3	15	0.977921756106094	0.0330187984325589
chr3	16	0.983341366547612	0.0329327460689864
chr3	17	0.989412000522429	0.0294047579056274
chr3	18	1.01587132107372	0.0288634552140091
chr3	19	1.03968301423493	0.0312487712171767
chr3	20	1.01378296741294	0.0313150790799062
chr3	21	0.968966998432644	0.0295041223199177
chr3	22	1.04495798212585	0.0315636465866826
chr3	23	1.00596553056697	0.0315257414946187
chr3	24	0.989783037887746	0.0304359685926425
chr3	25	1.01012874909228	0.0312129660276941
chr3	26	1.02235236898818	0.0244406500708399
chr3	27	1.06148499711032	0.0223892257419283
chr3	28	1.09961114745162	0.035400939729175
chr3	29	1.01942680193462	0.0258035046460696
chr3	30	1.05690274544167	0.0261838663387557
chr3	31	0.935918278707006	0.0281614083463387
chr3	32	0.963969737583653	0.0236134582034396
chr3	33	1.02713201444375	0.023874940627006
chr3	34	0.965272759002158	0.023121742647792
chr3	35	0.97198180049188	0.0229112371712764
chr3	36	0.935487025494364	0.0266882579375036
chr3	37	0.979593659478097	0.0257208007757694
chr3	38	0.965671058534511	0.0318851341242177
chr3	39	0.952543904675528	0.0299397922567424
chr3	40	0.985747542229424	0.0301962522260224
chr3	41	1.04184787208507	0.0270476558068382
chr3	42	0.970881623517737	0.0272754841244025
chr3	43	1.06992942001735	0.0307749528591183
chr3	44	0.986318404693126	0.0309435177498501
chr3	45	0.9785876385723	0.0366446718304837
chr3	46	0.98758434491915	0.0271100453298495
chr3	47	0.9892150853149	0.033914102355874
chr3	48	0.996423342949015	0.0308468523220634
chr3	49	0.970417039232943	0.0313244769957047
chr3	50	4.71751350244466	0.0669031059304897
chr3	51	1.02445012951908	0.0298039845940097
chr3	52	0.998204746396949	0.0310244041002834
chr3	53	0.985920447470591	0.0278347964535098
chr3	54	1.00681060392365	0.0286704060967858
chr3	55	1.00956387802963	0.0278926821522431
chr3	56	0.985330241998436	0.0339089634888204
chr3	57	0.999424470081141	0.0329029268276584
chr3	58	1.02934434242068	0.0267929612749953
chr3	59	0.998227901678918	0.030068676736762
chr3	60	0.970664372632483	0.0296590805399746
chr3	61	0.992230384897428	0.0292316707659212
chr3	62	1.04024414947885	0.032767256928176
chr3	63	1.061522066354	0.0362172164253663
chr3	64	0.980298504207675	0.023975040287077
chr3	65	1.0156724861687	0.0298880960256898
chr3	66	0.965741275892604	0.0243814810205996
chr3	67	1.05620839618076	0.0260546819920213
chr3	68	0.986582051245394	0.0327702598646358
chr3	69	1.0120334909243	0.0275294887851999
chr3	70	0.962078824960117	0.0280647540420302
chr3	71	1.00596133590307	0.023906095465308
chr3	72	1.00443401735669	0.0238245513940514
chr3	73	0.931847185196568	0.0228318122042931
chr3	74	1.04799381478125	0.0351939474711643
chr3	75	0.985749564509209	0.0309227436883517
chr3	76	0.976821385915285	0.0256419365687473
chr3	77	0.984146448376385	0.027569532159806
chr3	78	1.02564400902557	0.0308191681150701
chr3	79	1.03330460667627	0.0269757334324469
chr3	80	1.03141271085752	0.0246272225902541
chr3	81	1.02494467267673	0.0231339675512635
chr3	82	0.986625531600612	0.0341404155016305
chr3	83	0.98861710828843	0.0282220611202458
chr3	84	1.01313511805103	0.0290761055754171
chr3	85	0.990642300096474	0.0306062369666273
chr3	86	0.992363030640249	0.0241320181839652
chr3	87	0.990472662653524	0.0292661137771275
chr3	88	0.994407138261452	0.0268614814812158
chr3	89	1.002714936737	0.0261894869461709
chr3	90	1.03236065931258	0.0346626650518235
chr3	91	0.990853823468999	0.0291275622584581
chr3	92	0.982709684573375	0.0296868850700437
chr3	93	1.02405041900317	0.0317846272286705
chr3	94	1.01865657910305	0.0281995663753892
chr3	95	0.980903681882744	0.0316580773043754
chr3	96	1.00279408515612	0.0352967606783045
chr3	97	1.05782302038352	0.0356406787176621
chr3	98	1.04549449973589	0.0338341967326523
chr3	99	1.02675968734317	0.0278612364844537
chr3	100	0.989481897764408	0.0357157859129173
chr3	101	0.986668202747433	0.0319533199832447
chr3	102	0.990591355550823	0.0263972751808855
chr3	103	1.99970590505803	0.0385483707178961
chr4	1	1.06337216228745	0.030888393339023
chr4	2	1.05485486572042	0.0239089499747074
chr4	3	0.930677241898885	0.0289488133288222
chr4	4	0.940735887592697	0.0302465906965783
chr4	5	0.953374319410692	0.0227950818031982
chr4	6	0.990660998234106	0.0287864433496937
chr4	7	0.984598460025507	0.0372349471587102
chr4	8	1.01071223521258	0.0377871269261771
chr4	9	1.01228792209702	0.0271809140073775
chr4	10	0.98448203601167	0.025406263651554
chr4	11	0.995961283178611	0.0279685625702542
chr4	12	0.977498475299338	0.029547139668324
chr4	13	0.985547079076665	0.0257910430252583
chr4	14	0.972127365875147	0.0260014970417583
chr4	15	1.00386392608864	0.0283937480967402
chr4	16	0.98053193019204	0.0370477077938189
chr4	17	1.02404476937746	0.0212533983275149
chr4	18	1.00630827786693	0.0267825288244203
chr4	19	1.02388309460441	0.0350142128388995
chr4	20	0.996951737039006	0.0288585357932735
chr4	21	1.00145388434921	0.0297924658593866
chr4	22	1.06343461798273	0.0242035159733576
chr4	23	0.997447004904416	0.0298728485558466
chr4	24	0.982838325262992	0.0341117786088111
chr4	25	0.972042415378194	0.0275961951292298
chr4	26	0.989906595119062	0.0265663611477908
chr4	27	1.4900739921601	0.033490339745374
chr4	28	1.01237854464927	0.0279088488086742
chr4	29	1.00295481938914	0.0318249685991332
chr4	30	0.991673540171519	0.0355589794110515
chr4	31	0.994066848161756	0.0281306290004569
chr4	32	0.992906050703379	0.02354415408048
chr4	33	1.00582179596924	0.0286612297027889
chr4	34	0.985139641570839	0.0282007874054484
chr4	35	0.989515910095311	0.0294681245597352
chr4	36	1.09024279413579	0.0291383810671448
chr4	37	0.985455130308011	0.0283505718097257
chr4	38	1.03930042781802	0.0290694343839618
chr4	39	1.01640863254285	0.0240380472053838
chr4	40	0.977387508958973	0.0203191683257481
chr4	41	1.02487032115154	0.03169117618706
chr4	42	0.972971556825185	0.0399230079741696
chr4	43	1.03237022059238	0.0298138393913639
chr4	44	0.983841297348901	0.0296262793906623
chr4	45	1.01758483953414	0.0339384633527905
chr4	46	1.02315057345293	0.0293989685365154
chr4	47	0.99390707389722	0.028159819293259
chr4	48	0.998714945836463	0.0282928482229081
chr4	49	0.975802561958502	0.0315661074645527
chr4	50	0.963243066014731	0.0281954331306374
chr4	51	1.01364013255621	0.0273812307076295
chr4	52	1.01186127615953	0.0336330296877604
chr4	53	1.0144457253411	0.0328678034712252
chr4	54	1.04194866145127	0.0248997888497028
chr4	55	1.03036796070835	0.0318649389978213
chr4	56	0.99713698792705	0.0234703171710578
chr4	57	0.986192137846708	0.0297706807550607
chr4	58	0.97332455065548	0.0352183764083099
chr4	59	0.974886430913746	0.0286463551080812
chr4	60	0.9855631753168	0.0286257515629359
chr4	61	0.969451752116681	0.031487196130162
chr4	62	1.0053711567819	0.0224326644480652
chr4	63	0.991063221654598	0.0264109043609393
chr4	64	0.994088816551233	0.0334674731798932
chr4	65	0.994994709858513	0.03431986116061
chr4	66	0.969805548145307	0.0332096911063142
chr4	67	0.995169826309015	0.0279262269424103
chr4	68	0.992056646477815	0.0251352717936706
chr4	69	1.00705284464236	0.0394119530142312
chr4	70	0.988467183888845	0.0250325123926247
chr4	71	0.994701122299471	0.0205517349164191
chr4	72	0.969335509221705	0.030083335474908
chr4	73	1.05287684439025	0.034393135302348
chr4	74	0.994980973991134	0.0298738366966469
chr4	75	1.05253589516557	0.0295650825484502
chr4	76	0.998510797404142	0.0273480708223845
chr4	77	0.978885868055222	0.037772197606701
chr4	78	0.982973083469425	0.0357324429725259
chr4	79	1.00648313485756	0.0367163650615145
chr4	80	0.970251691257412	0.0335182042333623
chr4	81	0.98193468802759	0.0280616018426602
chr4	82	0.968245415109566	0.0294453776457605
chr4	83	0.980753842445803	0.0324127260419801
chr4	84	0.999133528468773	0.0284327040793249
chr4	85	0.973953875195194	0.0290325381026054
chr4	86	0.979676840423122	0.0284493273566677
chr4	87	0.997028590187239	0.0288181116417046
chr4	88	0.979657022715995	0.0277692859581434
chr4	89	1.01706610661712	0.0286414043130181
chr4	90	0.970999159402848	0.031243942171375
chr4	91	0.980428335060175	0.0244254498561442
chr4	92	0.989163515518176	0.0344817203814177
chr4	93	0.976767056989625	0.0286655908660134
chr4	94	0.977988260511387	0.0309094609248209
chr4	95	0.960797341566794	0.0297477484485386
chr4	96	0.965098174324696	0.0312458058185307
chr4	97	0.975388653815608	0.0267377346695488
chr4	98	1.02401861217133	0.029113889405069
chr4	99	0.979303474772183	0.0297545525826303
chr4	100	1.35482774912374	0.0433620898190869
chr5	1	0.99243451251036	0.0253882475968529
chr5	2	0.928767874158696	0.0340294167474599
chr5	3	0.956363025625961	0.0223819078920191
chr5	4	0.95403230965765	0.0280915922002461
chr5	5	0.949729240678681	0.0339306593018965
chr5	6	0.956146303961517	0.0219845464608086
chr5	7	0.988817328333468	0.0332427156148629
chr5	8	0.966449835358746	0.0265619135630985
chr5	9	0.996173135011177	0.027339615854355
chr5	10	0.977855992636383	0.0310540452907465
chr5	11	1.00054955856238	0.0275903635157717
chr5	12	1.00366663034968	0.0319267384951401
chr5	13	1.00751764171132	0.029169231702948
chr5	14	1.00407344860103	0.026191978059167
chr5	15	1.01347652087286	0.0310856183385977
chr5	16	0.980134646991846	0.0273523478458955
chr5	17	1.03059329108484	0.02645765556472
chr5	18	1.0108031547053	0.0261662182885364
chr5	19	0.978061192315401	0.0290261032449329
chr5	20	0.994548407553929	0.0243815871161409
chr5	21	0.991096383614696	0.0314075122349596
chr5	22	1.02556709079131	0.031759613516638
chr5	23	0.994411258371996	0.0284829367449689
chr5	24	1.02769134721377	0.0250439300139975
chr5	25	1.69176121580447	0.0427128132163785
chr5	26	0.995941291073893	0.0264266704390873
chr5	27	1.0088703334865	0.0353469911291088
chr5	28	1.0340901414697	0.0211107876819517
chr5	29	0.98734394203295	0.0348667605244185
chr5	30	1.00405208346976	0.0259584819931892
chr5	31	0.999979958108201	0.0274443221309863
chr5	32	0.988396649609852	0.0352763865060483
chr5	33	1.02881909325141	0.0347205772253616
chr5	34	0.999710117884161	0.0281822863787524
chr5	35	1.03324877084341	0.0305234132550035
chr5	36	1.00466159526891	0.0313981279122675
chr5	37	0.978290861439306	0.0249580169402951
chr5	38	1.03986065631161	0.0274313731000005
chr5	39	1.00820987126178	0.0288569977912693
chr5	40	1.01936083922629	0.0336134364084737
chr5	41	1.01313586495336	0.0318815554442326
chr5	42	0.971830671951328	0.0253361388130996
chr5	43	0.971055162238704	0.0230596800617567
chr5	44	0.993149953473688	0.0313487222318769
chr5	45	1.01186864981599	0.028236026677014
chr5	46	0.989567028636629	0.0264801425474034
chr5	47	0.972004404264094	0.0262938195806943
chr5	48	1.02809577667691	0.0265957756446016
chr5	49	1.03257984317735	0.0229439763117826
chr5	50	0.973864768255946	0.029477209134347
chr5	51	1.02789173970364	0.031806857735165
chr5	52	0.988800804839617	0.0289680809474158
chr5	53	1.00422763828167	0.0231373255734618
chr5	54	0.995895264603116	0.0332196700620008
chr5	55	0.988279505531608	0.0263297884379074
chr5	56	1.0178600769457	0.0372806201245218
chr5	57	0.977543821380534	0.0266339123147059
chr5	58	0.987285128658619	0.0387821709887616
chr5	59	0.999834611389226	0.026488336464806
chr5	60	0.991917413238767	0.0265652576336496
chr5	61	0.989136046787243	0.0286612523550041
chr5	62	0.992927327517445	0.0362338163048254
chr5	63	0.975436374286601	0.0346220159691734
chr5	64	0.986477535206172	0.0237824828371409
chr5	65	0.981808783787315	0.0371688357378382
chr5	66	1.01118855466065	0.0370230369071158
chr5	67	0.981664952543937	0.0295898849788428
chr5	68	1.02714047876481	0.0252592940769229
chr5	69	1.00124972782773	0.0258499753914805
chr5	70	1.01907720229399	0.0275364412554658
chr5	71	0.926203002660927	0.027101725741335
chr5	72	1.02494564611749	0.0283270884034433
chr5	73	1.07937366043715	0.0295053024493986
chr5	74	1.02012841663189	0.0271457301330148
chr5	75	1.02504795637784	0.0255137061149344
chr5	76	0.996257806137748	0.0265915754813551
chr5	77	0.955955033515296	0.0286562557458322
chr5	78	1.02249414577768	0.0279356440878064
chr5	79	1.05112178788431	0.024878247256086
chr5	80	0.980804695170705	0.0268909941044545
chr5	81	0.9899746819306	0.033956721378092
chr5	82	0.960401325969609	0.0282221937263353
chr5	83	0.994587531512584	0.0240134615083062
chr5	84	0.954575608862615	0.0255849060876646
chr5	85	0.989703705819561	0.0312453458207407
chr5	86	1.01010607092277	0.0332812061447568
chr5	87	0.978786159703424	0.0251412557105438
chr5	88	0.984181740291542	0.0311982565889258
chr5	89	0.952828397347495	0.0336386891299906
chr5	90	0.966036827529446	0.0231550982789963
chr5	91	0.969688962052725	0.0305091582289354
chr5	92	1.01405797953392	0.0203576454537934
chr5	93	0.963175666309229	0.0272493032770038
chr5	94	1.03335478278759	0.0278698743409236
chr5	95	1.69471928904813	0.0291325705782721
chr6	1	0.946920450817466	0.0289931316523094
chr6	2	1.03627424378778	0.032806857612411
chr6	3	1.00314329665983	0.0243200091285814
chr6	4	1.02574873723992	0.0280171301401682
chr6	5	1.02316358363226	0.0313553639095143
chr6	6	0.963586037226424	0.0327549495206848
chr6	7	1.02771215138972	0.0240185720004601
chr6	8	1.0201711922761	0.0297661463052389
chr6	9	1.04680073398957	0.0253799799008321
chr6	10	1.00131597878876	0.0224046961497329
chr6	11	1.01921731814005	0.0306983716870789
chr6	12	1.01975338111662	0.0292076624505789
chr6	13	0.995213000091217	0.025777910334133
chr6	14	0.982561677512027	0.0266064302870185
chr6	15	1.08745155487686	0.0331084347615665
chr6	16	1.05410459516523	0.0434927202191655
chr6	17	1.07499686572348	0.0347974157764153
chr6	18	1.16839120608504	0.0325747318052157
chr6	19	1.01067754676139	0.0287683115440011
chr6	20	1.08898258450528	0.0241070165578476
chr6	21	0.998692243619624	0.0362811020077735
chr6	22	0.933543077991845	0.0284203723104733
chr6	23	0.973483738909735	0.024706015567638
chr6	24	1.07219026654122	0.0254928062440766
chr6	25	1.00129075644603	0.0325330776489096
chr6	26	0.949578762973398	0.0292717442748676
chr6	27	0.998215874125386	0.0351293179619613
chr6	28	0.979716271595869	0.0274148826144184
chr6	29	0.967638986904193	0.0316588707689184
chr6	30	1.00637178823628	0.0309368915451724
chr6	31	0.983197386716146	0.0335160989596679
chr6	32	1.00671215885973	0.0233479860519424
chr6	33	1.92979621310171	0.0519968050522903
chr6	34	0.989765445044786	0.0413215876699261
chr6	35	1.01786748257678	0.0303926010004233
chr6	36	0.965882905572961	0.0281183408131864
chr6	37	0.984623646429729	0.0203771490868705
chr6	38	0.982765850937405	0.0333050514144762
chr6	39	0.990043868861947	0.0361305657987309
chr6	40	1.01210556054928	0.0263174672799403
chr6	41	0.996840332538174	0.0340678052724741
chr6	42	0.998720276680072	0.0249845553254577
chr6	43	0.974168504341941	0.0276982675654721
chr6	44	0.975956047186695	0.0270931267498128
chr6	45	1.0288708276314	0.0354894762424524
chr6	46	1.01564010700325	0.0303416216708826
chr6	47	0.989141262118532	0.0290943889204529
chr6	48	1.00593473917425	0.032175741624893
chr6	49	0.992697395842662	0.0280281342969437
chr6	50	0.975143392522864	0.0290521729206745
chr6	51	0.9553641879469	0.0351719405298534
chr6	52	0.953802233693793	0.0281860048952218
chr6	53	0.998005396880307	0.0362346835767717
chr6	54	0.99015027417967	0.0286155737789535
chr6	55	0.977861309568144	0.0322667971497482
chr6	56	1.01202354090584	0.025812621300615
chr6	57	1.04898468511626	0.024847137653848
chr6	58	1.0506961116998	0.0298783147851513
chr6	59	0.977137855949939	0.03132128139574
chr6	60	0.993876974098355	0.0300533397655484
chr6	61	1.00994634010433	0.026203437304305
chr6	62	1.01842787037441	0.030587095853226
chr6	63	0.988712104977766	0.0263841270078518
chr6	64	0.997975019380775	0.0266457139634146
chr6	65	0.960200539038468	0.0301802176883094
chr6	66	1.00092080434666	0.0242313226147986
chr6	67	0.966460701885058	0.0316895053029159
chr6	68	0.974122741879945	0.0250971369986475
chr6	69	0.989546082488056	0.0262905722073406
chr6	70	0.993050303680689	0.0329524682961427
chr6	71	1.00708449516605	0.0267995803792062
chr6	72	1.01935678834527	0.0295024115765546
chr6	73	1.01090832161277	0.0260338646351242
chr6	74	1.03062131668871	0.0346962302667871
chr6	75	1.00045360638168	0.0263601348872458
chr6	76	1.04261356661061	0.0332750446282185
chr6	77	1.01881975476769	0.0272057920653586
chr6	78	0.995196310910089	0.0260587373268665
chr6	79	0.992297054706452	0.0258332222079718
chr6	80	1.00963844832166	0.024244737746356
chr6	81	1.00790469163563	0.022897245452044
chr6	82	1.01819915275648	0.0307725504647828
chr6	83	0.986399147934205	0.0215798262923089
chr6	84	1.03104415893437	0.0198050602917182
chr6	85	0.996401010159461	0.0288225827963283
chr6	86	0.996647685973915	0.026452112030468
chr6	87	0.992546100486954	0.0369402944438384
chr6	88	0.959018049370612	0.0335564168804546
chr6	89	0.977123699260322	0.0268885373087822
chr6	90	1.57850334674303	0.0397859136594467
chr7	1	0.995400083398344	0.0316309879479728
chr7	2	0.995185555818454	0.0256549761232498
chr7	3	1.08221839952658	0.030516124454188
chr7	4	1.06325786336242	0.0331238279125647
chr7	5	0.97579489052839	0.0288513945973441
chr7	6	1.0027986488222	0.0346431110605594
chr7	7	0.991096544623872	0.0302402032842586
chr7	8	0.991189029831932	0.0330092636486677
chr7	9	1.01950500673371	0.0227808742903059
chr7	10	1.01534010449547	0.0338435622375247
chr7	11	0.988398428388557	0.0352626659429105
chr7	12	0.963153740553156	0.0226748992214943
chr7	13	1.00623216638041	0.0329869043215777
chr7	14	0.973496589158164	0.0284406312182468
chr7	15	0.986273359090927	0.0360761333940046
chr7	16	0.991907198196241	0.0307740794027229
chr7	17	1.00151954110814	0.0330053275685479
chr7	18	1.00878124314139	0.0317097071731479
chr7	19	0.999793941021061	0.0257245684968544
chr7	20	1.02833776186849	0.0312692817861735
chr7	21	1.051498938704	0.0245911797227285
chr7	22	0.999373068638658	0.0282936368253871
chr7	23	0.979906608136467	0.0254079174843964
chr7	24	0.980922695728026	0.0273824166855262
chr7	25	1.01045827655296	0.0283984915454385
chr7	26	0.969388187863016	0.0282051351141365
chr7	27	0.99780325310157	0.0305216263985258
chr7	28	0.965868543480938	0.028477957550033
chr7	29	0.975613276729204	0.0286760832640552
chr7	30	1.01111511170276	0.035932986487306
chr7	31	1.32411503006516	0.0485773241792025
chr7	32	1.22523169030409	0.0342904666665038
chr7	33	1.00222974175142	0.0349005452459908
chr7	34	0.962782066195275	0.0324149360183232
chr7	35	1.0558011267799	0.0353606653591006
chr7	36	1.15021165916437	0.0358900075286185
chr7	37	0.96370033692032	0.0382531321760775
chr7	38	0.997769308147233	0.0311869095858956
chr7	39	0.973261691972041	0.0297896382652995
chr7	40	0.960817084360086	0.0331969221746674
chr7	41	0.990941789048783	0.034269281309083
chr7	42	1.01737334412987	0.0311271624228588
chr7	43	1.0012534634527	0.0318751863996781
chr7	44	1.01980900927875	0.0285371377530957
chr7	45	0.991040169048345	0.0317901433908485
chr7	46	0.980755138529273	0.0298504773126158
chr7	47	1.00390252519304	0.0333335739845338
chr7	48	1.07863032783125	0.0385008643046205
chr7	49	1.09590033324784	0.0352222388371751
chr7	50	0.978875931340691	0.0278223532475942
chr7	51	1.04975377563938	0.0359111681577642
chr7	52	1.00946953838154	0.0267262858423471
chr7	53	0.998017143633563	0.0300654756394121
chr7	54	1.01211847344206	0.0251044006866748
chr7	55	0.996010551881678	0.0267323610904412
chr7	56	0.966803748538441	0.0268268432735255
chr7	57	0.999416903217451	0.0308510610460106
chr7	58	0.980510102566054	0.0257990419790789
chr7	59	0.982669253850999	0.0280911336722685
chr7	60	0.973658778327919	0.0313011569107478
chr7	61	0.980194202352638	0.0243173283074342
chr7	62	0.972588780794319	0.0279525094060364
chr7	63	1.04477618193616	0.0245972267157042
chr7	64	1.06539249150065	0.0216409263701415
chr7	65	0.975269153230851	0.0312587106091535
chr7	66	1.00667561833998	0.0332479759399825
chr7	67	1.03262025985374	0.0235872088799615
chr7	68	0.981994441820148	0.0331697011626664
chr7	69	1.05362848187364	0.0280995736302767
chr7	70	1.02279843268522	0.0311619342736661
chr7	71	1.06743971512082	0.0334466798575248
chr7	72	0.997777630623247	0.0271759623186293
chr7	73	0.984679512152588	0.0450982557577429
chr7	74	1.01332430014799	0.0347467428702983
chr7	75	1.06754661446268	0.0319008456649661
chr7	76	1.04098399180088	0.0345192089308612
chr7	77	0.949119126743173	0.0252744689028782
chr7	78	1.7124446692654	0.0386574588521529
chr8	1	0.969640043706414	0.0282395120489165
chr8	2	0.951889910926288	0.0314581464841249
chr8	3	0.969187579520922	0.0299228271257816
chr8	4	0.969768385893545	0.0318690836906315
chr8	5	0.994253623582281	0.0348256580990683
chr8	6	0.943666529086422	0.023414604919372
chr8	7	1.00471042731776	0.0266321415271524
chr8	8	0.989791138460225	0.0328029975067428
chr8	9	0.991881991914667	0.0278307393402559
chr8	10	1.02238126336961	0.0264824691447041
chr8	11	0.953691947260755	0.0288393636443472
chr8	12	0.984332319662799	0.0259925458929867
chr8	13	0.975592321968405	0.0281629992914436
chr8	14	0.981141899804518	0.0252920158727569
chr8	15	0.996206824100767	0.0307831718299654
chr8	16	1.02425723861608	0.0273818950694473
chr8	17	1.02193510968251	0.0257207725426618
chr8	18	0.978351657016288	0.0231536159402773
chr8	19	0.997909831606003	0.0361247243781825
chr8	20	1.00131194910238	0.0353227804170663
chr8	21	0.991360256313618	0.0260806964541416
chr8	22	1.07421656584102	0.0420892333475797
chr8	23	0.984565819053741	0.0270951612602269
chr8	24	2.03537713675026	0.0498882761607877
chr8	25	0.976122727557506	0.028821303809031
chr8	26	0.987899309739207	0.0317334714275155
chr8	27	0.98354905681328	0.0319812595417401
chr8	28	0.963963629212298	0.0343708058826203
chr8	29	0.99072800897661	0.0288994833247977
chr8	30	1.00508829226566	0.0285791668083648
chr8	31	1.00463802031063	0.0268253845071315
chr8	32	0.961304141077032	0.0285497408200349
chr8	33	0.977863344917086	0.0313088228946059
chr8	34	1.00473336656082	0.0306915416815012
chr8	35	1.0258760596973	0.0320098938353753
chr8	36	0.973169620730556	0.0189895113252488
chr8	37	0.987649557157113	0.0390458432300698
chr8	38	0.979720850187258	0.0266079585449866
chr8	39	0.98204995672291	0.027357287432495
chr8	40	0.978908092134741	0.0316567901485124
chr8	41	1.00058305941204	0.0286658821429933
chr8	42	0.981852646383818	0.0328844911990975
chr8	43	0.996939591126452	0.0326791071687833
chr8	44	0.990346861993026	0.0257441760277234
chr8	45	1.00085050246333	0.0235890485979291
chr8	46	0.983376884945436	0.0294201720256229
chr8	47	1.00840262896708	0.0302460563053596
chr8	48	0.977762226128468	0.0289310521035325
chr8	49	0.967370143850191	0.0291846453074066
chr8	50	1.01268577882432	0.0307823170618096
chr8	51	0.979411441757039	0.0343495764073247
chr8	52	1.02778907701749	0.0318179700242846
chr8	53	1.02830943881086	0.0243959714785811
chr8	54	1.00680214078409	0.0294081875389975
chr8	55	0.975151512485413	0.0290055755261331
chr8	56	0.990922517110951	0.0292667819837663
chr8	57	0.988963078436096	0.0282865391670458
chr8	58	0.988623711323313	0.0341750149434355
chr8	59	0.969207407377067	0.0246412245529627
chr8	60	0.980045141917911	0.0339099321797493
chr8	61	0.998581266940304	0.0334013052511977
chr8	62	1.00209689084069	0.031561494286808
chr8	63	0.973886431570673	0.0302805248352726
chr8	64	0.985448605456866	0.0196772703852736
chr8	65	0.976911129845172	0.02783961785935
chr8	66	1.00970815306035	0.0286182423321983
chr8	67	1.04355128887889	0.0283334113116468
chr8	68	0.991115720441765	0.031617256973321
chr8	69	0.996643519122597	0.0301708639472666
chr8	70	1.03772128499748	0.030706856082618
chr8	71	0.959297661335983	0.0307093057515305
chr8	72	1.01244668705361	0.0320720267430442
chr8	73	0.956877893116556	0.033259922524615
chr8	74	0.975999426526866	0.0350942609426235
chr8	75	0.936178304907663	0.0256916544368403
chr8	76	0.948406798572949	0.0266522787436047
chr8	77	0.962747350274071	0.0242361157174847
chr8	78	1.45250633325382	0.0350826840771428
chr9	1	0.977443499915907	0.0251618904829912
chr9	2	0.997178007757957	0.0267054465693512
chr9	3	1.03702314281976	0.0279082584729656
chr9	4	1.04792842695462	0.0240289573611988
chr9	5	0.968625193174877	0.0306357448050856
chr9	6	0.960232129702438	0.0255067306066401
chr9	7	1.00069823927208	0.0288837524462454
chr9	8	0.977372502242237	0.0276235192529792
chr9	9	0.977646549566909	0.0274804630295794
chr9	10	0.956390717398274	0.0300159531061195
chr9	11	0.972517909241025	0.0315099073304981
chr9	12	1.01449501890246	0.0286561216366369
chr9	13	1.01932772636146	0.0261891261454229
chr9	14	1.02015896113512	0.036223690399276
chr9	15	0.997932043931021	0.0309484487671474
chr9	16	0.989061691831579	0.0279834250184516
chr9	17	0.99672147728142	0.0286334098918832
chr9	18	0.988413243253504	0.0366701075286356
chr9	19	1.11334359941255	0.0295907734540743
chr9	20	1.04626891074948	0.0252830703197839
chr9	21	1.07982840364544	0.0301925269431056
chr9	22	1.01003842011078	0.0306647507281216
chr9	23	0.986661953015354	0.0298237544248531
chr9	24	0.996702138993816	0.0205641993411529
chr9	25	0.992238561710102	0.026439803575944
chr9	26	0.965579283418926	0.0323917424294727
chr9	27	1.01558473112028	0.0266589429488543
chr9	28	0.98126491779463	0.0352416783210564
chr9	29	1.00315254231497	0.0308313018383112
chr9	30	1.00685854635612	0.0313519877360897
chr9	31	0.986306246515081	0.0293416113896352
chr9	32	0.9805242908347	0.0273621581968528
chr9	33	1.00964717026397	0.0293221999239637
chr9	34	0.975345989058954	0.0261094817155903
chr9	35	1.03027926503558	0.02460816081972
chr9	36	0.986493951710589	0.0275747264105917
chr9	37	1.05550234562661	0.028881782932763
chr9	38	0.983588064881152	0.026947117460481
chr9	39	1.00688767322403	0.0326595851678779
chr9	40	0.98312333137787	0.0307720652565545
chr9	41	0.989588313687325	0.0325645460176616
chr9	42	1.01106973060986	0.0279734321785231
chr9	43	0.989661486426514	0.0283419225377671
chr9	44	0.965974762950088	0.0294445462862869
chr9	45	0.987446234897849	0.0284334718157944
chr9	46	1.07296198812679	0.0285811485542477
chr9	47	0.973712529185829	0.029207875978272
chr9	48	0.954037217273315	0.0297329325099152
chr9	49	0.961112840729597	0.0292153100661951
chr9	50	0.960311374260265	0.0337192769815588
chr9	51	1.04402137664152	0.0278188053016711
chr9	52	1.00956697488977	0.0316296961544492
chr9	53	1.05061342160438	0.0293778843376471
chr9	54	0.98859511201364	0.0226941468248147
chr9	55	1.06412346813454	0.0211915915740985
chr9	56	1.02527030583032	0.0221572125537415
chr9	57	1.01638477095449	0.0321558659789048
chr9	58	0.98882008867897	0.0314499878193557
chr9	59	1.82756308301999	0.0353853461132239
chr10	1	0.950403095855418	0.026802391406952
chr10	2	0.955551604557747	0.0280229109175146
chr10	3	1.00942107594058	0.0237038399271274
chr10	4	1.03765607883637	0.029748831646515
chr10	5	0.978634644378574	0.0302462272156772
chr10	6	0.956098809201521	0.0299996349084453
chr10	7	0.999224492708891	0.0242636264089037
chr10	8	1.01831607753628	0.0283890033956009
chr10	9	1.00106772204007	0.0245444358221713
chr10	10	1.01707592598255	0.0252368286849335
chr10	11	0.989648942774538	0.0272827620282679
chr10	12	1.00040708153265	0.034551107050815
chr10	13	1.0450120594589	0.037148326413922
chr10	14	0.988852414761964	0.020938068563324
chr10	15	0.992381125768927	0.0318593376421652
chr10	16	1.03946533821972	0.0262443337543103
chr10	17	1.04999677046458	0.0302501953759412
chr10	18	1.04092880041552	0.0324952069984515
chr10	19	0.984454259440316	0.0350394203450829
chr10	20	1.01564943919066	0.0291398165234272
chr10	21	1.39477516117044	0.031356015671174
chr10	22	0.972207129924208	0.0251160576634933
chr10	23	0.997503565816834	0.0393107748802613
chr10	24	0.987748906121897	0.0239060384019933
chr10	25	0.989565904177644	0.0316826966003865
chr10	26	0.96974540740524	0.0282587238840757
chr10	27	1.01512448365834	0.0273391913074032
chr10	28	0.99232182259186	0.0301011160904091
chr10	29	0.996550359408401	0.0390786875699893
chr10	30	0.991445645384509	0.0332667997895218
chr10	31	0.992249818326495	0.0333109897846165
chr10	32	0.991601017602509	0.031846093873098
chr10	33	0.983084055194819	0.0248943563572635
chr10	34	1.03395973009799	0.0341609372825979
chr10	35	0.976154596579499	0.0259607710540295
chr10	36	0.982430691031295	0.0246624591188245
chr10	37	1.12109267438729	0.0329330696992873
chr10	38	1.01433122697468	0.0278420363482856
chr10	39	0.943062462016626	0.0260725107386842
chr10	40	0.958957775786709	0.029467460374709
chr10	41	1.01537019313827	0.024508567228223
chr10	42	0.986179763655661	0.0363497414396442
chr10	43	0.979089066709462	0.0190394717579827
chr10	44	0.942132666287483	0.0349524115368797
chr10	45	1.06148952573846	0.0323574060074653
chr10	46	0.9985862130122	0.0267398030651898
chr10	47	1.01495097797365	0.0330104060742514
chr10	48	1.00297430925784	0.0281815719233742
chr10	49	1.06000594800887	0.0224002065342642
chr10	50	1.00673329529906	0.02866768369094
chr10	51	0.980687095582425	0.0263384793785931
chr10	52	1.01307449679648	0.0255310799262895
chr10	53	1.08385003141617	0.0253075359687689
chr10	54	0.971564039174849	0.0278465489619758
chr10	55	0.979661260063185	0.0338218934962076
chr10	56	0.977050027707337	0.0334295182293361
chr10	57	1.01155082609402	0.0330915711465772
chr10	58	0.985194685275339	0.0305497567722424
chr10	59	1.00804988705539	0.02827946256209
chr10	60	0.998596575869374	0.0310256519239342
chr10	61	0.934503235681293	0.0360577847224612
chr10	62	0.944960687727093	0.0274863939253908
chr10	63	0.993818065852404	0.026337004204443
chr10	64	0.949091745553334	0.0206432972884171
chr10	65	0.947853488931792	0.0269564126676813
chr10	66	0.998950622680484	0.0317697094483314
chr10	67	0.965137775054983	0.0317687588324339
chr10	68	0.92790199689844	0.0312576296268289
chr10	69	0.951823836042102	0.0269750823791292
chr10	70	1.68233659625979	0.036447877563034
chr11	1	1.02910191511595	0.0290834516805902
chr11	2	1.06866554664266	0.0276610383278099
chr11	3	0.985046704874912	0.0311224678599684
chr11	4	0.979663576565404	0.0286700922742213
chr11	5	1.00901696147448	0.0259477167351901
chr11	6	0.998631506727717	0.0262041266642633
chr11	7	0.96482590863369	0.02598019918263
chr11	8	1.00826906559287	0.0241849648295512
chr11	9	0.954369918936155	0.0267513532304287
chr11	10	0.999342074359526	0.0268467778410236
chr11	11	0.989949836078952	0.0230809199408661
chr11	12	0.970597742856411	0.030748391625674
chr11	13	0.995361812660449	0.0296192040114346
chr11	14	1.0005368024191	0.0362470318454803
chr11	15	0.97794705095145	0.0358048436768859
chr11	16	0.997903102806088	0.0289098902459516
chr11	17	0.980041113826245	0.0271989441745834
chr11	18	0.96338445064224	0.0343375336328064
chr11	19	1.04364864927957	0.0246596520390667
chr11	20	0.998343269629836	0.0271673213253611
chr11	21	0.992601405582613	0.0282597673488017
chr11	22	0.973953820469235	0.0371956777261394
chr11	23	0.996479858521737	0.0306888844809537
chr11	24	0.992408651524304	0.0259831646091975
chr11	25	1.00535746915847	0.0219932479678986
chr11	26	0.991093518839898	0.0235227359365004
chr11	27	1.42438083288415	0.042586426805876
chr11	28	1.38407556151351	0.0403076906741784
chr11	29	1.06801453818264	0.0215150862706713
chr11	30	1.00240176835867	0.0286967270831048
chr11	31	1.0729618448255	0.0242120770939299
chr11	32	1.1285162761963	0.0328296814083651
chr11	33	1.10588233767046	0.0263498001780451
chr11	34	0.987126014964513	0.0349246977424072
chr11	35	1.00671593569238	0.027009566585316
chr11	36	1.0925692429919	0.0366097626496769
chr11	37	1.04554349578811	0.0267340219918337
chr11	38	1.038912759933	0.0368877573045854
chr11	39	0.952130756121843	0.0291626708606527
chr11	40	0.983154828836769	0.0266597887264684
chr11	41	0.980024885181815	0.0257841486659911
chr11	42	0.970129222152723	0.0322905802795609
chr11	43	1.03358189010017	0.0243578292121311
chr11	44	0.977050109972226	0.0304450901493714
chr11	45	1.09849847114517	0.0312791522162497
chr11	46	0.96645179554134	0.0345599379338524
chr11	47	1.01551377984234	0.0231616429504607
chr11	48	1.02513134221398	0.0321103333832109
chr11	49	0.989709802631853	0.0372742693148542
chr11	50	0.986692536547728	0.0277096337321754
chr11	51	0.996783922989023	0.0249821062125288
chr11	52	0.962471832193083	0.0268672667604634
chr11	53	1.00077753391367	0.027302244919556
chr11	54	0.992854151353659	0.0286611502218315
chr11	55	1.0037445830038	0.0360008011959966
chr11	56	0.982936083345027	0.0239312583970596
chr11	57	0.978535441123208	0.0265851988655257
chr11	58	0.956803089901488	0.0234472725542194
chr11	59	0.92195374018848	0.0311299189519049
chr11	60	0.962668072981448	0.0292187984701294
chr11	61	1.05447561497475	0.0217403421513326
chr11	62	0.934681907988204	0.0250507872531892
chr11	63	0.998293772004858	0.0311202871136977
chr11	64	0.975069472706585	0.0250965437044904
chr11	65	0.985946010577137	0.0279313907108121
chr11	66	0.915792834269222	0.0294977196172362
chr11	67	1.01733816902076	0.0287705137466415
chr11	68	0.978795147126757	0.0277700568437549
chr11	69	0.935419209253074	0.0222125119197115
chr11	70	1.29512447615463	0.0317956267121558
chr12	1	1.04396045212534	0.02941928535797
chr12	2	0.952045752546179	0.0289856000801107
chr12	3	0.982966423071211	0.0336959299376017
chr12	4	1.01659160632661	0.0254073548159295
chr12	5	1.11942004644974	0.034912199861569
chr12	6	1.09381500947278	0.0338296043942544
chr12	7	1.01185906668229	0.0231297415429143
chr12	8	0.995855356915817	0.0282689989986255
chr12	9	0.998788383103815	0.02973155197849
chr12	10	0.990109800999516	0.0305216689402524
chr12	11	1.0091490666666	0.0287080333302984
chr12	12	1.00348613736519	0.030208813243763
chr12	13	0.979749153429877	0.0274766060745184
chr12	14	0.994626645321446	0.0305978269215774
chr12	15	1.05215229929537	0.0269449582960448
chr12	16	0.999477205723877	0.0380440686068288
chr12	17	1.01465347013461	0.0260813299818842
chr12	18	1.86818280965569	0.0534433134571843
chr12	19	0.992339966023312	0.0410390767137405
chr12	20	0.981529483443596	0.025931083389415
chr12	21	0.978519510363715	0.0340198523648722
chr12	22	1.01562502615727	0.0241127164891255
chr12	23	1.04373205930235	0.0228085188673262
chr12	24	1.05982539901383	0.026886133297645
chr12	25	1.07335357730617	0.0291115874177111
chr12	26	0.991052337693379	0.0284833172132703
chr12	27	1.04059986355375	0.02600572623887
chr12	28	1.10872114615035	0.02360770348712
chr12	29	0.978921568442192	0.0243430977208796
chr12	30	0.999150347547133	0.0338346249944279
chr12	31	1.04880586065537	0.0237488730302904
chr12	32	1.02120737208088	0.0288011069414867
chr12	33	0.985324960600741	0.0300460847670356
chr12	34	1.01704343669762	0.0241218632679368
chr12	35	1.00127615442419	0.0356883869167393
chr12	36	0.997069858789704	0.0351587108262054
chr12	37	1.00601517199279	0.0293484039771132
chr12	38	1.01863708705748	0.03055962212183
chr12	39	0.971967951181962	0.0324124247348591
chr12	40	0.998350267562885	0.0378180773243878
chr12	41	0.969390769302425	0.0294648201878007
chr12	42	1.00538299866473	0.0288486415536546
chr12	43	0.985777593110032	0.0287034681892318
chr12	44	0.99091439996727	0.0315788849353035
chr12	45	1.0317775806951	0.0246993319338228
chr12	46	1.00139133277127	0.0189220653448308
chr12	47	0.999225960016657	0.0313382715231869
chr12	48	1.04085655621005	0.0304882138053082
chr12	49	1.01636460636136	0.0372133464966931
chr12	50	0.953566679571347	0.035395553370967
chr12	51	0.998214174719415	0.0284556808725313
chr12	52	0.996031118091765	0.0217820208953839
chr12	53	0.976893696731301	0.0231831575018239
chr12	54	1.03491420342063	0.0246959533050626
chr12	55	0.963873875753484	0.0229042668639925
chr12	56	0.991041411241438	0.0221230115677141
chr12	57	1.04812858508165	0.0252029159802583
chr12	58	1.02336429267233	0.0222444755563239
chr12	59	0.953763451268364	0.0251093713149762
chr12	60	0.94281336681261	0.0277710189058788
chr12	61	0.992147608562712	0.0260535532052679
chr12	62	0.978390617147418	0.0328748628540436
chr12	63	1.09114969833494	0.0349722416609141
chr12	64	1.09007775344129	0.0237852150162298
chr12	65	0.978331293313962	0.0236142548736511
chr12	66	0.964113190773278	0.0343913467346166
chr12	67	0.942596244930678	0.0306631429385134
chr12	68	0.943444539759297	0.028404900448647
chr12	69	1.2729975644009	0.0385500719965577
chr13	1	1.09899219502919	0.032199965359072
chr13	2	0.980010938695996	0.0299369478657539
chr13	3	1.02939928347713	0.0285709333556873
chr13	4	0.962722047631167	0.0339725145783338
chr13	5	1.04918602964863	0.0345128735565569
chr13	6	0.990284591139555	0.0309874503874923
chr13	7	0.993891616194905	0.0251760468568188
chr13	8	1.03731745229541	0.0320870839789222
chr13	9	0.966012180952713	0.032335238719699
chr13	10	0.981873229305416	0.029684062178847
chr13	11	0.972605899220778	0.0269205644080999
chr13	12	1.0163337260844	0.0287645576774689
chr13	13	1.03311357548481	0.0349401624940997
chr13	14	0.976777290871506	0.0275224542322379
chr13	15	1.00595885581578	0.0174223667724366
chr13	16	1.00953696842285	0.0244033766834662
chr13	17	1.08271797837856	0.0252172206749113
chr13	18	1.02391111591692	0.0325125751554856
chr13	19	1.00453148446761	0.0234709225982596
chr13	20	0.997544820703145	0.0261356273325392
chr13	21	1.02652835980732	0.034836310303176
chr13	22	0.99298693189758	0.0298610903884986
chr13	23	0.983981108601423	0.0313540271780684
chr13	24	1.00328785256147	0.030982539868224
chr13	25	1.01781200500238	0.0257014503496824
chr13	26	1.00126497151184	0.0283423306090062
chr13	27	0.993267913337626	0.0299236231599875
chr13	28	0.972374481052063	0.0307951347653797
chr13	29	1.00238019337106	0.0288923630594276
chr13	30	1.00955458441944	0.0312084406898913
chr13	31	0.98588265338426	0.0286612565927485
chr13	32	1.01335008176418	0.0322813848589449
chr13	33	0.971740176886003	0.028420362738336
chr13	34	1.01672847668316	0.0341409078498757
chr13	35	0.988260409564364	0.0251040105931575
chr13	36	0.982471069539462	0.0282434989570775
chr13	37	0.983648158576123	0.0248265080592799
chr13	38	0.988558527176171	0.036553721614276
chr13	39	0.992292987649321	0.0285386116716357
chr13	40	1.0038541960702	0.0259253694386317
chr13	41	0.998420507234647	0.0317455705056682
chr13	42	1.00963274143697	0.0283515402137629
chr13	43	0.980445245284662	0.0340066405105569
chr13	44	0.984820251346073	0.0270646864899971
chr13	45	0.991325792549028	0.0257174618117832
chr13	46	0.961733460092378	0.0346063496196382
chr13	47	0.984735132061068	0.0334312424493499
chr13	48	0.976133988456672	0.0261846750081894
chr13	49	0.961284783105441	0.0320822985202397
chr13	50	0.970365001219559	0.0291581112529624
chr13	51	1.01544535746949	0.0225846660380339
chr13	52	1.48370627909463	0.025626720864099
chr14	1	1.19973451394412	0.0597120169346352
chr14	2	1.03102870796928	0.0267988086275069
chr14	3	1.01646159431755	0.0337471096317659
chr14	4	0.988248074228487	0.027242318781589
chr14	5	1.01207928830046	0.0309058617445656
chr14	6	1.01291908530136	0.027861713342401
chr14	7	0.989373787628781	0.031555367649382
chr14	8	1.00336327185641	0.0340131381203231
chr14	9	0.991309950864778	0.0263380416285412
chr14	10	0.992652767231415	0.0319575849042636
chr14	11	1.01846469477114	0.0349266784545251
chr14	12	0.992846979078764	0.0314269744622246
chr14	13	0.98692585065265	0.0265879491878663
chr14	14	1.00080443067293	0.0325662239607279
chr14	15	0.980648305999645	0.0299808687662666
chr14	16	1.03324111322947	0.029950873906037
chr14	17	1.02471985420978	0.0299448107839118
chr14	18	0.998819466481389	0.0251169397014704
chr14	19	1.0344361740327	0.0300119022617029
chr14	20	0.985108180405069	0.0364375103461134
chr14	21	1.00558628373589	0.0273631804137989
chr14	22	1.00213309587139	0.0288604386026447
chr14	23	0.993863007139336	0.0372627914772153
chr14	24	1.02939963137208	0.0287886536202405
chr14	25	1.01081398696819	0.0265244624487978
chr14	26	1.02683660303149	0.0277808717501444
chr14	27	1.0391822961155	0.0300795119680079
chr14	28	1.0378413922204	0.0334463387135105
chr14	29	1.05669088189614	0.0248484200436733
chr14	30	1.04371147468981	0.0292634859314637
chr14	31	0.983385832541266	0.0277993904955858
chr14	32	0.939817355721305	0.0302460656552723
chr14	33	0.969475062015154	0.0297897981915598
chr14	34	1.01511903047216	0.0291323883162479
chr14	35	1.00708762034261	0.0294744201413337
chr14	36	1.00379921211162	0.0343220638900356
chr14	37	0.989610505288175	0.0324721423576855
chr14	38	1.00857226178736	0.0299903480320188
chr14	39	1.06602039486738	0.0218291166269431
chr14	40	1.0511516412359	0.022754732910666
chr14	41	0.920556009619675	0.028437907972995
chr14	42	0.964037668112725	0.0277103721066174
chr14	43	0.933191955241672	0.0292889205241046
chr14	44	0.941709230117158	0.0283937587222821
chr14	45	0.976916665793268	0.0247726283201561
chr14	46	1.0276363927285	0.0251557318297941
chr14	47	1.64759961224558	0.0310031689172524
chr15	1	1.35734551049658	0.0719265841092288
chr15	2	0.952735246836383	0.0224421938286295
chr15	3	0.970742226228142	0.0265683696104288
chr15	4	1.03610911297959	0.0288419506245533
chr15	5	0.971673481331173	0.0327658442219023
chr15	6	1.01342061624514	0.0350093084834159
chr15	7	0.976492121616384	0.0356821067970172
chr15	8	0.998993108363968	0.0297694679212695
chr15	9	1.09351406410671	0.0323519997740052
chr15	10	1.06098155411415	0.0302015679165368
chr15	11	1.06940222443799	0.0293004078748578
chr15	12	0.981508868291657	0.0257699017839083
chr15	13	0.994384803808915	0.0313275177583152
chr15	14	1.06550117973494	0.028111894806762
chr15	15	1.02193094941636	0.0254267355769478
chr15	16	0.965206306939524	0.0298098171881034
chr15	17	1.03130996985299	0.0277216022429065
chr15	18	1.00939821679076	0.0293306893734847
chr15	19	1.00915501831745	0.0321725222272045
chr15	20	0.938274949577063	0.0240611130023174
chr15	21	0.987254700563148	0.0327891744717797
chr15	22	1.08775959416866	0.0271388071962511
chr15	23	1.01068989947898	0.0250152705969636
chr15	24	0.996906809046005	0.0205437460266524
chr15	25	0.99023114493906	0.0282050672033142
chr15	26	0.970121643509126	0.0296721284092917
chr15	27	0.985330048072468	0.0311335997626939
chr15	28	1.05524566110437	0.0272416179759207
chr15	29	1.03167277064565	0.0315415398823151
chr15	30	0.97998274041983	0.0282527982789754
chr15	31	0.996737438077191	0.0244981815365123
chr15	32	0.997420906153489	0.0317283789021902
chr15	33	1.0548517205715	0.0262978106140861
chr15	34	0.973170078651304	0.0291096715905002
chr15	35	0.974479276204263	0.0264537340495232
chr15	36	1.07956942546402	0.0302279296647669
chr15	37	1.00203856905058	0.0267216629148047
chr15	38	0.962086474163614	0.0295312507122544
chr15	39	0.974628871584252	0.0329270040484156
chr15	40	0.947137670957	0.0257708307661572
chr15	41	1.00049485413817	0.0346133246411165
chr15	42	1.17535761868375	0.0284426120605793
chr16	1	1.04694634125638	0.0272092343792851
chr16	2	1.12769544775682	0.0182852858963949
chr16	3	1.00387360249061	0.0281304217471656
chr16	4	0.95513006286495	0.0310961097709791
chr16	5	0.970057279175381	0.020075238713079
chr16	6	1.01073877257949	0.0244969788100273
chr16	7	1.0116404292045	0.0261904809154373
chr16	8	1.06066906960007	0.0238889286840726
chr16	9	0.999162673101179	0.0319531680543981
chr16	10	1.00398524532953	0.0336855559503801
chr16	11	1.00711229382318	0.0298462385248546
chr16	12	1.03927159106507	0.0263968535358521
chr16	13	0.939567260298686	0.0310447795235728
chr16	14	1.10859148333286	0.0351918004830101
chr16	15	1.27374893931905	0.0599451449626715
chr16	16	1.61377228552898	0.0397541892613393
chr16	17	0.942770009693897	0.0282966806749095
chr16	18	0.948359520048878	0.0232247947843527
chr16	19	1.01180422352117	0.0262207889218566
chr16	20	0.944766627858784	0.0287145535255184
chr16	21	0.997417792951455	0.0274555008321739
chr16	22	1.04338680339734	0.0273661997347297
chr16	23	0.992811084591076	0.0295753037092636
chr16	24	0.998709844206031	0.0261578898863799
chr16	25	1.00507938076042	0.0283532238381733
chr16	26	0.963949261129141	0.0296758227010321
chr16	27	1.03260508028738	0.0274782116422942
chr16	28	1.08225623531999	0.0321057534180262
chr16	29	1.01050011366701	0.0284754236298169
chr16	30	1.00752053417007	0.0273760324469344
chr16	31	1.00282054033252	0.0321613186117963
chr16	32	0.97874139276322	0.0308222544675298
chr16	33	0.957712215079369	0.0246198831926704
chr16	34	0.935312867708395	0.0282650545132198
chr16	35	1.0227283958723	0.0277892209370062
chr16	36	0.945339563928974	0.0285022158430271
chr16	37	1.02489307722468	0.0301980085177455
chr16	38	0.936113593102532	0.0263367163649445
chr16	39	1.5710607314895	0.0436713582224737
chr17	1	1.08114455919688	0.0220834164805536
chr17	2	1.0863332215215	0.0270471897381315
chr17	3	0.99614340900172	0.027604978475074
chr17	4	1.09091630613002	0.0252724620735848
chr17	5	0.986984469912012	0.0240035114245977
chr17	6	0.963760610772533	0.0347666370416545
chr17	7	0.954724223220731	0.033785648531889
chr17	8	1.00265797358652	0.022756140714599
chr17	9	1.07362100802099	0.0292707403679012
chr17	10	1.13014942806389	0.0183803814501255
chr17	11	1.37503108050963	0.0279392339601364
chr17	12	1.12991967814348	0.0342267029914267
chr17	13	1.01219493288206	0.0278859959433779
chr17	14	0.904085235551954	0.0281916128651819
chr17	15	1.04684881420219	0.0318017701879612
chr17	16	1.07490896195749	0.0326750568905044
chr17	17	1.03541412763173	0.035100952015994
chr17	18	1.10649559409148	0.0428048257402334
chr17	19	1.05132676841325	0.02864464829385
chr17	20	1.06194631785674	0.0271444523881609
chr17	21	1.02964000345885	0.0253486903714488
chr17	22	1.01053975239136	0.0292954955544436
chr17	23	0.997682212639866	0.0300992633495713
chr17	24	0.996854922295693	0.0312193419312605
chr17	25	0.983011280000772	0.0310672717678533
chr17	26	1.04185567495314	0.0251132058758738
chr17	27	1.09982097952304	0.0285512176638368
chr17	28	1.04026998211857	0.036148801366456
chr17	29	1.0626194561651	0.0277947188278467
chr17	30	1.02352910257568	0.0352674729273382
chr17	31	1.06739938123163	0.0269304653786499
chr17	32	0.996061025803088	0.0356776881224849
chr17	33	0.983565880020299	0.0299255752592917
chr17	34	0.96686930149543	0.0308957357402043
chr17	35	1.11230919707819	0.0379187841705033
chr17	36	1.05501433032893	0.0311224268723957
chr17	37	0.961547179755317	0.0245125429243206
chr17	38	1.24920162817763	0.0293858721507539
chr18	1	1.00811654874414	0.0291696394394783
chr18	2	1.04613627527283	0.0270684752295258
chr18	3	0.992852774463056	0.0232727812453023
chr18	4	0.953904474332371	0.0317418196959827
chr18	5	0.948008398543224	0.0242332394796721
chr18	6	1.03468238768815	0.0361496364191989
chr18	7	0.974729739558447	0.0226839150618204
chr18	8	1.30846316041937	0.0304555805742808
chr18	9	0.995256846905346	0.0275151183886785
chr18	10	0.98017017767213	0.0291655108175606
chr18	11	0.966412312006825	0.0312299360946878
chr18	12	0.967734586936807	0.0288364609592846
chr18	13	0.98623529407671	0.033471590872176
chr18	14	0.999940167096294	0.0333863349278428
chr18	15	0.965202415737154	0.0305479079249526
chr18	16	1.01358966493008	0.0264113970744319
chr18	17	0.959805195304845	0.0346775145732122
chr18	18	0.973370768514574	0.02436030565138
chr18	19	0.995969513211804	0.0336975060946263
chr18	20	0.980548404114099	0.029388506738593
chr18	21	0.972493233175436	0.0332624592734812
chr18	22	0.975837527632826	0.0295337378142149
chr18	23	0.987285494866791	0.0296420612966854
chr18	24	0.959871719835286	0.0241520067509754
chr18	25	0.967009642893597	0.0341657094907285
chr18	26	0.970906261815184	0.0293339746994485
chr18	27	0.971992150459534	0.0314727279952637
chr18	28	0.992019322083607	0.0253217709454884
chr18	29	0.999140236865828	0.0281191381495414
chr18	30	0.976942419094198	0.0264617482179154
chr18	31	0.957308426977488	0.0293637971444088
chr18	32	0.986420403641929	0.0287271362315018
chr18	33	1.00956807871929	0.0285845414819335
chr18	34	0.985391568414975	0.0247727317507398
chr18	35	0.974217247545316	0.0318264145643565
chr18	36	0.982257084451189	0.0280065391720632
chr18	37	0.991302233991808	0.0300982529177651
chr18	38	0.975202672170206	0.0378274785875693
chr18	39	0.975219721521473	0.0243535837832388
chr18	40	0.953522766806137	0.0333039136592777
chr18	41	0.984340533399776	0.0200974947149348
chr18	42	1.13637540186312	0.0301161557274389
chr19	1	1.19450239271553	0.0286829362655573
chr19	2	1.11546140913129	0.0291438654739262
chr19	3	1.1092417435894	0.0280743615045606
chr19	4	1.11818119906175	0.0302451681000714
chr19	5	1.20605903683917	0.0297221407848181
chr19	6	1.07663463365227	0.0324079524372222
chr19	7	1.11060044978421	0.0258892810173302
chr19	8	5.39778283662821	0.08902875262171
chr19	9	0.994501268198619	0.026512632388344
chr19	10	1.08253429028405	0.0285476457972159
chr19	11	1.14186485307304	0.0263714865558743
chr19	12	1.11107260163758	0.0350914193216049
chr19	13	1.16248900268294	0.0321827503873956
chr19	14	1.12489339898473	0.0301343784843695
chr19	15	1.13837469371997	0.0275668919544006
chr19	16	1.08113462665354	0.0285306073841009
chr19	17	1.23929663455015	0.0381464862349068
chr19	18	2.09226288467012	0.045266022996699
chr20	1	1.04166879203953	0.0295076202445021
chr20	2	1.01800612350451	0.0409504483172124
chr20	3	1.05149174345602	0.0300758908815229
chr20	4	0.984050012357505	0.0232562444604936
chr20	5	0.984324927575215	0.0372045681271694
chr20	6	0.974859733360628	0.0275946475159242
chr20	7	0.963229107196111	0.0306701543927342
chr20	8	0.978845208623545	0.0278657154771864
chr20	9	0.973873716181343	0.0327320076542513
chr20	10	0.970869778815535	0.0304674905146826
chr20	11	0.979128578816741	0.0256575145198513
chr20	12	1.00388357864389	0.0344065602871515
chr20	13	0.975617152349247	0.0209219702245309
chr20	14	0.983914533676123	0.0274974707257193
chr20	15	1.0914901375123	0.0240311628673841
chr20	16	1.03042853345648	0.0267892295742732
chr20	17	1.08346179800733	0.0303903458908845
chr20	18	1.06020426362098	0.023879700049005
chr20	19	1.0082035595669	0.026463031884936
chr20	20	0.952543842839809	0.0323618604278293
chr20	21	0.955986447103703	0.02392424654649
chr20	22	0.940096301245328	0.0339625295524587
chr20	23	1.00673783598725	0.0283282639817952
chr20	24	0.978870683308673	0.0241133028903161
chr20	25	1.0219139555443	0.0335752543143882
chr20	26	1.09954226425961	0.0297362761558488
chr20	27	0.964562131759101	0.0261280808582853
chr20	28	0.991340156414427	0.0308366587761691
chr20	29	0.973000628731959	0.0259721906267225
chr20	30	0.944079556647052	0.0266298676853345
chr20	31	0.962211033214838	0.0234951441953408
chr20	32	0.955061079041974	0.0233684944309051
chr20	33	1.84396618821451	0.0335078401320585
chr21	1	1.37533761238163	0.0433725081396435
chr21	2	0.994283930222865	0.0233845025445342
chr21	3	0.99602483020763	0.0374167190285807
chr21	4	0.994269921574855	0.033057385166762
chr21	5	1.00586247709456	0.0323572206886002
chr21	6	0.991011086961976	0.0396583523642371
chr21	7	0.987422874183969	0.0256759089631509
chr21	8	0.997864665674352	0.0227618125508418
chr21	9	1.01997942932506	0.0265041726180654
chr21	10	0.963315593758816	0.0228873025094666
chr21	11	1.05656781015898	0.0288663280484967
chr21	12	0.999884142000111	0.0305669694790313
chr21	13	1.01782955946613	0.025121003807383
chr21	14	1.00692276585216	0.030942121881057
chr21	15	0.955250678502064	0.0297491640487557
chr21	16	0.971132840382972	0.0279725544167157
chr21	17	1.01172639618555	0.0264401095977418
chr21	18	1.18656771189301	0.0326929577043659
chr22	1	1.36130822089208	0.0334202206792384
chr22	2	1.0624972936236	0.0252515139064906
chr22	3	1.07290530350012	0.0285587365300804
chr22	4	1.00047832341509	0.0259468225944227
chr22	5	0.950370796103403	0.0268940955679716
chr22	6	1.06750169465916	0.026423495919562
chr22	7	1.05471383969409	0.0297599145678722
chr22	8	0.957720120842046	0.0270859277463564
chr22	9	0.959100296573023	0.0262879488543598
chr22	10	1.03610263327587	0.030393182768299
chr22	11	1.07958566047579	0.0249539137010573
chr22	12	1.09752093068192	0.0313447783835386
chr22	13	1.04153667990323	0.0277981810207168
chr22	14	0.95902466954468	0.0237992166374467
chr22	15	1.00038656153006	0.028710254771446
chr22	16	0.896064467408903	0.0273518186868255
chr22	17	1.02671211288387	0.0226984661058867
