chr1	1	0.994747353	0.052394226
chr1	2	1.006352078	0.064486883
chr1	3	1.000440734	0.049809251
chr1	4	1.000229422	0.049184452
chr1	5	0.998230385	0.05080841
chr1	6	0.996817851	0.054198313
chr1	7	1.006206955	0.049451578
chr1	8	1.00175426	0.049677164
chr1	9	1.004445051	0.063372271
chr1	10	1.003234534	0.054771993
chr1	11	1.006936315	0.081265084
chr1	12	0.994782299	0.049294281
chr1	13	0.999181533	0.050124603
chr1	14	1.00425801	0.057507552
chr1	15	1.001804174	0.049623917
chr1	16	0.995141019	0.048817657
chr1	17	1.002217555	0.055844557
chr1	18	1.003878969	0.053622435
chr1	19	1.011407227	0.050754208
chr1	20	0.995917993	0.05030697
chr1	21	1.000098986	0.055257762
chr1	22	0.998535642	0.054999931
chr1	23	1.000284164	0.053412431
chr1	24	0.999868334	0.054090543
chr1	25	1.001397875	0.051389079
chr1	26	0.995318533	0.052191497
chr1	27	0.995434595	0.051280131
chr1	28	0.998363105	0.052759648
chr1	29	1.00366908	0.051248699
chr1	30	0.995457759	0.052145932
chr1	31	1.002840179	0.0688713
chr1	32	0.996896576	0.055610336
chr1	33	0.99614626	0.05415921
chr1	34	1.00077193	0.04981211
chr1	35	1.004143318	0.051841819
chr1	36	1.005261805	0.057334353
chr1	37	0.99371968	0.047656619
chr1	38	0.99467004	0.054694183
chr1	39	1.003575636	0.055747272
chr1	40	1.001187083	0.058001639
chr1	41	0.99523307	0.052276719
chr1	42	0.994128111	0.049075903
chr1	43	0.996928684	0.061969022
chr1	44	0.999592529	0.053517187
chr1	45	1.00272856	0.054028802
chr1	46	0.997623665	0.083099562
chr1	47	0.994079882	0.051863687
chr1	48	1.006011068	0.063691543
chr1	49	1.006265213	0.056994767
chr1	50	1.000190835	0.051183259
chr1	51	0.997479137	0.054578435
chr1	52	0.999544203	0.049846728
chr1	53	1.003012618	0.049343185
chr1	54	1.001380889	0.05053676
chr1	55	0.995357036	0.064548
chr1	56	1.005916739	0.060873335
chr1	57	1.001628974	0.052717845
chr1	58	1.004715805	0.054915493
chr1	59	0.995597111	0.056083357
chr1	60	0.999210913	0.055515476
chr1	61	1.001763548	0.046692761
chr1	62	1.00279809	0.057436102
chr1	63	1.001414951	0.054581
chr1	64	0.996447454	0.049120178
chr1	65	1.001161208	0.050873218
chr1	66	1.006050447	0.057117214
chr1	67	1.003797329	0.059354276
chr1	68	1.000267238	0.051695349
chr1	69	0.998977646	0.05494672
chr1	70	1.000996373	0.05162888
chr1	71	0.998610205	0.057083707
chr1	72	1.0024203	0.0525914
chr1	73	0.994018821	0.051152196
chr1	74	1.008648092	0.051489796
chr1	75	0.995642467	0.055924778
chr1	76	0.999132179	0.049972971
chr1	77	1.003540203	0.051596863
chr1	78	0.999367318	0.052185947
chr1	79	1.004153173	0.052663628
chr1	80	1.000139472	0.051379869
chr1	81	1.006974685	0.066928031
chr1	82	0.994834842	0.063740179
chr1	83	0.995889982	0.055135774
chr1	84	1.000743263	0.054632458
chr1	85	0.999996839	0.051066841
chr1	86	0.999900767	0.056479801
chr1	87	0.999854515	0.084480714
chr1	88	0.99636279	0.069264376
chr1	89	0.997502929	0.06633433
chr1	90	1.004087029	0.049485704
chr1	91	0.993775825	0.053183456
chr1	92	0.998039767	0.056298999
chr1	93	0.995944379	0.052540006
chr1	94	1.001769712	0.055149344
chr1	95	0.99834324	0.051712473
chr1	96	0.994256586	0.054645761
chr1	97	1.002467493	0.048694165
chr1	98	0.997572389	0.064024715
chr1	99	1.000753245	0.053435219
chr1	100	1.002734572	0.050323339
chr1	101	1.002613229	0.04925448
chr1	102	1.00095277	0.064082893
chr1	103	0.998113664	0.06495021
chr1	104	1.005993347	0.051869974
chr1	105	1.006207269	0.062238454
chr1	106	1.000627515	0.05204279
chr1	107	1.000425679	0.046318883
chr1	108	0.998971275	0.055105243
chr1	109	0.996949602	0.048672424
chr1	110	0.994373145	0.05058059
chr1	111	0.996208818	0.05621579
chr1	112	0.998564805	0.049224742
chr1	113	0.994087736	0.051324492
chr1	114	1.001165026	0.055700816
chr1	115	0.993310913	0.05163956
chr1	116	1.003072767	0.052256462
chr1	117	1.001867608	0.049884685
chr1	118	0.996056926	0.061186476
chr1	119	1.569427118	0.070631388
chr2	1	0.995884549	0.061752314
chr2	2	0.999411428	0.05365059
chr2	3	1.00398585	0.054842293
chr2	4	0.994202334	0.066464781
chr2	5	1.007391509	0.059132699
chr2	6	1.000688141	0.054805439
chr2	7	0.996191784	0.05033766
chr2	8	1.004179311	0.066636564
chr2	9	0.997762941	0.072454021
chr2	10	1.000453201	0.055159827
chr2	11	1.004146163	0.05152037
chr2	12	0.999910501	0.050651125
chr2	13	1.002871047	0.050944258
chr2	14	0.999486987	0.064485765
chr2	15	1.000465986	0.055195293
chr2	16	1.004471177	0.049480125
chr2	17	0.995070011	0.050417168
chr2	18	0.995399445	0.050202103
chr2	19	0.997068872	0.049376269
chr2	20	1.001917591	0.057478186
chr2	21	1.000678614	0.063826429
chr2	22	1.004150151	0.051931722
chr2	23	1.002679236	0.052277682
chr2	24	0.997805022	0.058106558
chr2	25	0.998822797	0.063142205
chr2	26	1.007306908	0.055286615
chr2	27	0.996238832	0.050329945
chr2	28	0.994695865	0.063799868
chr2	29	0.998802902	0.064937109
chr2	30	1.003719606	0.05369953
chr2	31	0.998978206	0.05495655
chr2	32	0.995008504	0.050938355
chr2	33	1.000820742	0.057283636
chr2	34	1.001039481	0.065318323
chr2	35	1.000445243	0.053179707
chr2	36	0.995633076	0.057108495
chr2	37	0.999292557	0.052800653
chr2	38	1.005529591	0.049772165
chr2	39	0.996219266	0.064260842
chr2	40	0.995009598	0.050977444
chr2	41	0.996550463	0.050347749
chr2	42	1.004229917	0.053698769
chr2	43	1.001890688	0.049168108
chr2	44	1.004246483	0.05228567
chr2	45	1.003132787	0.057721685
chr2	46	0.99646837	0.067538223
chr2	47	0.996965011	0.064848911
chr2	48	0.99759928	0.061079632
chr2	49	1.00292133	0.049169684
chr2	50	0.994574671	0.048417657
chr2	51	0.997945768	0.051279942
chr2	52	0.997833171	0.049238958
chr2	53	0.999939622	0.058515663
chr2	54	0.996400856	0.050890031
chr2	55	1.005997169	0.063962403
chr2	56	1.006284003	0.060207866
chr2	57	0.997077673	0.049750733
chr2	58	1.004198613	0.052583144
chr2	59	1.004023595	0.05499836
chr2	60	0.999649142	0.053984914
chr2	61	0.999844982	0.055980966
chr2	62	0.999540588	0.048238808
chr2	63	1.003247074	0.062750067
chr2	64	0.998603701	0.053656953
chr2	65	1.002459794	0.050618614
chr2	66	0.996830824	0.057579127
chr2	67	0.998311964	0.051351387
chr2	68	1.006000969	0.059850745
chr2	69	0.993388376	0.073881604
chr2	70	0.997791861	0.062865811
chr2	71	0.995463291	0.051642734
chr2	72	0.997036142	0.049306823
chr2	73	0.994662988	0.0531556
chr2	74	0.996527188	0.063727504
chr2	75	0.996409949	0.05467617
chr2	76	1.002631277	0.066783361
chr2	77	0.996692913	0.055866344
chr2	78	1.00109797	0.052447059
chr2	79	1.006036294	0.055391656
chr2	80	0.998140627	0.056274486
chr2	81	1.005323222	0.050280449
chr2	82	0.998193492	0.049378011
chr2	83	0.999966377	0.055601574
chr2	84	1.002232954	0.051913136
chr2	85	0.997464202	0.063804384
chr2	86	0.998585852	0.053254387
chr2	87	0.995080775	0.050984902
chr2	88	0.994705473	0.051653432
chr2	89	0.99837247	0.050826384
chr2	90	1.004250221	0.052249602
chr2	91	1.004817725	0.050856468
chr2	92	0.993130419	0.055408863
chr2	93	0.997260826	0.05077717
chr2	94	1.000411275	0.048979491
chr2	95	0.993539117	0.063075303
chr2	96	1.00137614	0.050817872
chr2	97	0.996691028	0.056118774
chr2	98	0.999957219	0.06402241
chr2	99	1.004418028	0.050724909
chr2	100	0.996536628	0.063843976
chr2	101	0.999707207	0.0564713
chr2	102	0.998824987	0.051906378
chr2	103	1.003979125	0.052295302
chr2	104	1.002512515	0.063859786
chr2	105	0.997084207	0.057558203
chr2	106	0.994980319	0.056169274
chr2	107	0.995526115	0.051230159
chr2	108	0.997535041	0.056582511
chr2	109	1.001220159	0.064150031
chr2	110	1.001178873	0.055667429
chr2	111	0.99655333	0.056546169
chr2	112	1.000631716	0.050160436
chr2	113	1.003815111	0.060140187
chr2	114	0.99515255	0.051319466
chr2	115	0.999564229	0.049756864
chr2	116	0.997333774	0.053362465
chr2	117	0.998560825	0.05042829
chr2	118	1.005832697	0.050756812
chr2	119	0.999945345	0.050183476
chr2	120	0.995032052	0.062620624
chr2	121	0.999387156	0.051800872
chr2	122	0.998178504	0.049586317
chr2	123	0.993659716	0.056436428
chr2	124	1.002318924	0.051352334
chr2	125	1.004369197	0.049935422
chr2	126	0.995959866	0.05752609
chr2	127	0.997837957	0.057365727
chr2	128	1.002729882	0.053610507
chr2	129	1.699371179	0.076399177
chr3	1	0.99435821	0.056385942
chr3	2	1.003445123	0.057533955
chr3	3	0.998569006	0.051987682
chr3	4	1.001415712	0.052024798
chr3	5	0.997624808	0.052694497
chr3	6	0.998913584	0.048427711
chr3	7	0.998843987	0.049015603
chr3	8	1.006516738	0.04977342
chr3	9	0.993971176	0.049146912
chr3	10	1.003185448	0.051284715
chr3	11	0.997640514	0.048478401
chr3	12	0.995800014	0.051597351
chr3	13	1.000020843	0.05265736
chr3	14	0.999728527	0.051210237
chr3	15	0.995945835	0.050941002
chr3	16	0.997526008	0.05270616
chr3	17	0.995306083	0.05169818
chr3	18	1.006416474	0.064593101
chr3	19	0.996785741	0.063420473
chr3	20	1.000314767	0.05043356
chr3	21	0.994630126	0.049202554
chr3	22	0.996299279	0.047654757
chr3	23	0.99994642	0.050934861
chr3	24	0.997688666	0.052083481
chr3	25	0.996035377	0.0501161
chr3	26	1.000289976	0.054850661
chr3	27	1.000131739	0.062905396
chr3	28	1.006387344	0.053490861
chr3	29	0.995220833	0.050136202
chr3	30	0.997619202	0.047156479
chr3	31	1.000203733	0.052766742
chr3	32	1.001436461	0.05086081
chr3	33	1.003219878	0.056566771
chr3	34	1.003323613	0.051858092
chr3	35	0.996496975	0.05117361
chr3	36	1.000620763	0.051959059
chr3	37	1.002358255	0.051452567
chr3	38	1.003182276	0.051772129
chr3	39	0.995857346	0.053651355
chr3	40	1.00359805	0.05121181
chr3	41	1.002366032	0.052458139
chr3	42	0.99498495	0.054514629
chr3	43	0.994699431	0.055282993
chr3	44	0.995555233	0.054919443
chr3	45	0.994577913	0.058263819
chr3	46	0.999653077	0.053709026
chr3	47	0.994140312	0.050533069
chr3	48	0.993959788	0.058257183
chr3	49	1.000267103	0.050658071
chr3	50	1.004036682	0.056197238
chr3	51	0.997404567	0.056217892
chr3	52	1.000512974	0.050951132
chr3	53	0.996149304	0.053235039
chr3	54	1.000944601	0.055456906
chr3	55	0.996310266	0.049541366
chr3	56	0.993565312	0.056968568
chr3	57	0.998147545	0.050701039
chr3	58	0.999826567	0.050647407
chr3	59	0.998488191	0.054388568
chr3	60	1.003080124	0.057580077
chr3	61	1.002972008	0.05843858
chr3	62	0.999479774	0.063781535
chr3	63	0.99582795	0.04955212
chr3	64	0.997515289	0.05139656
chr3	65	0.996447228	0.065330406
chr3	66	1.004240321	0.049776333
chr3	67	0.997813229	0.0498293
chr3	68	0.998922421	0.064046404
chr3	69	1.001495037	0.050647198
chr3	70	1.005399332	0.055975432
chr3	71	0.996167991	0.057572081
chr3	72	0.997135819	0.049107573
chr3	73	1.003534026	0.05250279
chr3	74	0.996280502	0.057071875
chr3	75	1.000525277	0.049286008
chr3	76	1.002828488	0.051766436
chr3	77	1.00223496	0.050834796
chr3	78	0.998825367	0.052451886
chr3	79	1.001561123	0.058685174
chr3	80	1.004868082	0.053900331
chr3	81	0.99814117	0.049597615
chr3	82	1.000150136	0.051252928
chr3	83	1.004478073	0.049800665
chr3	84	0.995850027	0.049873372
chr3	85	0.998038539	0.05605742
chr3	86	1.001372718	0.055346549
chr3	87	0.994307985	0.051739708
chr3	88	1.002050144	0.052427709
chr3	89	0.998246138	0.051105658
chr3	90	0.998316654	0.058757804
chr3	91	0.997696314	0.072166235
chr3	92	0.995026933	0.057607652
chr3	93	1.000739465	0.051376372
chr3	94	1.003214314	0.050793255
chr3	95	0.998007406	0.071812425
chr3	96	1.000591592	0.048597639
chr3	97	0.993816017	0.050507187
chr3	98	0.995410853	0.05004637
chr3	99	0.996704472	0.055074525
chr3	100	1.00319196	0.050665771
chr3	101	1.002104705	0.051475606
chr3	102	1.005789338	0.055077758
chr3	103	1.855632235	0.078008537
chr4	1	0.996855642	0.064286442
chr4	2	1.003243963	0.053109604
chr4	3	0.996364993	0.062956164
chr4	4	0.998661679	0.054759593
chr4	5	0.997438643	0.052217998
chr4	6	1.002507473	0.054982968
chr4	7	1.001258038	0.054290156
chr4	8	1.002417525	0.052781378
chr4	9	1.003033261	0.055591307
chr4	10	0.997478379	0.051323928
chr4	11	0.999699701	0.056077272
chr4	12	1.000169227	0.052660908
chr4	13	1.00100238	0.05712837
chr4	14	0.995955859	0.051738753
chr4	15	0.994814403	0.054843463
chr4	16	1.00221137	0.059822162
chr4	17	1.003816201	0.054587417
chr4	18	1.002068603	0.059998368
chr4	19	0.996021162	0.059042316
chr4	20	1.006368067	0.052677145
chr4	21	0.996369331	0.055406165
chr4	22	1.001651909	0.059489694
chr4	23	0.994974909	0.057065704
chr4	24	1.002236918	0.055908849
chr4	25	0.99466455	0.05316558
chr4	26	0.993554644	0.064152458
chr4	27	1.000103978	0.049483047
chr4	28	0.997521304	0.048477201
chr4	29	1.002248002	0.050317453
chr4	30	1.003909342	0.056466256
chr4	31	1.002450783	0.052319154
chr4	32	0.996276551	0.051666329
chr4	33	0.997905844	0.055102521
chr4	34	0.994907787	0.065168179
chr4	35	0.994930922	0.052611833
chr4	36	0.996023793	0.052263887
chr4	37	0.999971575	0.052259517
chr4	38	0.99540352	0.057552244
chr4	39	1.005236918	0.049998114
chr4	40	0.994314681	0.051927392
chr4	41	1.000499972	0.051287032
chr4	42	0.998944525	0.049652963
chr4	43	1.004522766	0.055922128
chr4	44	1.003384608	0.057791866
chr4	45	0.99473179	0.053182978
chr4	46	0.995228243	0.049757939
chr4	47	0.998749741	0.052369795
chr4	48	0.99518024	0.054234502
chr4	49	0.996029751	0.050746047
chr4	50	0.999134044	0.062904321
chr4	51	1.00417403	0.064895692
chr4	52	0.993776674	0.063247379
chr4	53	0.994331124	0.052043468
chr4	54	1.002897504	0.064634913
chr4	55	1.000525719	0.064059476
chr4	56	0.999072593	0.050534064
chr4	57	1.001409827	0.049219206
chr4	58	0.99721429	0.051314911
chr4	59	0.998219928	0.062670456
chr4	60	0.99631694	0.050325844
chr4	61	0.998081727	0.051428048
chr4	62	1.00152588	0.06238271
chr4	63	1.005546467	0.051301736
chr4	64	1.000253672	0.063135702
chr4	65	0.99703167	0.055119964
chr4	66	0.997935975	0.05148151
chr4	67	0.996521967	0.051404235
chr4	68	0.995605015	0.050652825
chr4	69	0.999642233	0.055247529
chr4	70	0.993985933	0.064265241
chr4	71	1.002666431	0.057636289
chr4	72	0.997418095	0.050968356
chr4	73	0.997866392	0.050739969
chr4	74	0.996852216	0.063183007
chr4	75	1.002489906	0.052609061
chr4	76	0.998864241	0.050077975
chr4	77	0.996486043	0.052254046
chr4	78	0.994756591	0.056671457
chr4	79	1.004119927	0.051153431
chr4	80	0.993536409	0.048431518
chr4	81	1.003969797	0.048460192
chr4	82	0.994333634	0.05214855
chr4	83	0.993415649	0.050692763
chr4	84	0.999477278	0.051059113
chr4	85	0.997764134	0.054940459
chr4	86	1.002412229	0.050183996
chr4	87	1.005186889	0.051191299
chr4	88	1.00470444	0.053725015
chr4	89	0.997056095	0.050642203
chr4	90	0.99771615	0.053425107
chr4	91	0.997967254	0.0626227
chr4	92	0.999347744	0.055558017
chr4	93	0.997647665	0.050182009
chr4	94	0.998323192	0.052997668
chr4	95	0.994047945	0.0522429
chr4	96	0.998443362	0.054911283
chr4	97	1.002777134	0.063400334
chr4	98	1.00048095	0.073569918
chr4	99	1.001261466	0.06406839
chr4	100	1.348646418	0.096022748
chr5	1	1.000718247	0.057645369
chr5	2	0.996697072	0.062882014
chr5	3	0.995939206	0.05502198
chr5	4	0.995254725	0.083983106
chr5	5	0.996428341	0.054807705
chr5	6	0.995245107	0.06456451
chr5	7	1.004424114	0.051432991
chr5	8	0.999667192	0.053484226
chr5	9	1.000616319	0.050055122
chr5	10	1.002067311	0.05196016
chr5	11	0.997240581	0.05189547
chr5	12	1.003747526	0.054028806
chr5	13	1.000785463	0.054316247
chr5	14	1.000354896	0.05575425
chr5	15	0.994838106	0.052629137
chr5	16	1.002134158	0.055307217
chr5	17	1.003844031	0.050803218
chr5	18	0.999398734	0.050892527
chr5	19	0.994037106	0.056087715
chr5	20	1.001761757	0.049708308
chr5	21	1.000874446	0.048404105
chr5	22	0.995479338	0.051194832
chr5	23	0.998556908	0.050535297
chr5	24	0.999827313	0.051763168
chr5	25	0.996967259	0.053573182
chr5	26	1.002196931	0.057515559
chr5	27	1.001558436	0.057500731
chr5	28	0.994073458	0.050836981
chr5	29	1.001455336	0.053207277
chr5	30	1.000475061	0.053087889
chr5	31	0.996225874	0.062449259
chr5	32	1.000151206	0.051572358
chr5	33	1.001341898	0.064163594
chr5	34	1.000011502	0.051355808
chr5	35	0.998274596	0.049211726
chr5	36	1.00790993	0.050246836
chr5	37	0.999888938	0.057063635
chr5	38	0.999353258	0.051210932
chr5	39	0.994274958	0.050394735
chr5	40	1.003395494	0.062569834
chr5	41	0.997200614	0.051203647
chr5	42	0.993430782	0.04951015
chr5	43	0.997701326	0.050955336
chr5	44	0.997037362	0.052505472
chr5	45	0.997408943	0.057013509
chr5	46	0.996714829	0.052951706
chr5	47	0.998360147	0.065716232
chr5	48	1.001323016	0.050976448
chr5	49	0.99829031	0.049269229
chr5	50	0.996251179	0.050883134
chr5	51	0.997413478	0.050344004
chr5	52	1.004288038	0.05191747
chr5	53	0.997659242	0.057784831
chr5	54	0.994855068	0.05379815
chr5	55	1.001924765	0.051233416
chr5	56	0.998507971	0.056861024
chr5	57	0.997804141	0.05177233
chr5	58	0.997182719	0.049705191
chr5	59	1.000890217	0.05719688
chr5	60	0.996528695	0.048042794
chr5	61	0.9987592	0.050483563
chr5	62	1.001685031	0.05118832
chr5	63	0.998685343	0.074800505
chr5	64	0.998196072	0.055823352
chr5	65	0.995612966	0.063471226
chr5	66	1.004475362	0.049897942
chr5	67	0.997649048	0.056436684
chr5	68	1.000419979	0.053533526
chr5	69	1.004773096	0.053954482
chr5	70	0.997706684	0.04752269
chr5	71	0.99468925	0.05163317
chr5	72	1.002057505	0.053842208
chr5	73	1.002059387	0.057067869
chr5	74	1.002959153	0.049452893
chr5	75	0.999226556	0.057472588
chr5	76	1.003020144	0.050343971
chr5	77	0.998419298	0.05352819
chr5	78	0.998835189	0.0561937
chr5	79	0.998375944	0.049802629
chr5	80	1.002395675	0.053136384
chr5	81	1.000307067	0.05532468
chr5	82	0.99699875	0.084752532
chr5	83	0.999215516	0.053631659
chr5	84	0.995482739	0.050344785
chr5	85	1.002806635	0.056943579
chr5	86	1.004924454	0.05399762
chr5	87	0.999104755	0.051951359
chr5	88	0.994123406	0.054340001
chr5	89	0.997912521	0.051281717
chr5	90	1.001295645	0.06700298
chr5	91	0.995645071	0.063111366
chr5	92	0.998166616	0.048007714
chr5	93	0.997880956	0.048884219
chr5	94	0.998745685	0.049346538
chr5	95	1.652226532	0.08711222
chr6	1	1.005069219	0.070458749
chr6	2	0.995975437	0.051368329
chr6	3	1.005199748	0.049630323
chr6	4	1.00168541	0.057611995
chr6	5	1.000907289	0.047515778
chr6	6	0.998207442	0.049613928
chr6	7	1.004674233	0.06383545
chr6	8	0.998519195	0.05098659
chr6	9	1.003490583	0.04941299
chr6	10	1.000611554	0.056543713
chr6	11	0.998467443	0.050906172
chr6	12	0.999941482	0.056294614
chr6	13	0.998360311	0.056459994
chr6	14	1.001714471	0.063451561
chr6	15	1.001633262	0.053156188
chr6	16	1.002470238	0.053713079
chr6	17	0.997095951	0.051287921
chr6	18	0.99759491	0.060050149
chr6	19	0.998388951	0.048125336
chr6	20	0.999592235	0.057166952
chr6	21	0.997629861	0.0569085
chr6	22	1.007795831	0.058772726
chr6	23	1.000644702	0.051001385
chr6	24	0.996125751	0.047769657
chr6	25	1.001227103	0.051557245
chr6	26	0.994311198	0.056232456
chr6	27	1.002649677	0.050613772
chr6	28	0.998280772	0.051804572
chr6	29	0.997939496	0.051470922
chr6	30	0.993695255	0.055026262
chr6	31	1.001019086	0.052106102
chr6	32	0.994807459	0.05937652
chr6	33	0.998794564	0.052135253
chr6	34	0.992683525	0.057494183
chr6	35	0.997388311	0.054453826
chr6	36	0.994666328	0.051344235
chr6	37	1.003684871	0.049289931
chr6	38	0.997512081	0.055363346
chr6	39	1.003331478	0.064746024
chr6	40	0.996101926	0.05793415
chr6	41	0.998503848	0.054754449
chr6	42	0.997035228	0.056343615
chr6	43	0.995269994	0.062861262
chr6	44	0.993498778	0.054816867
chr6	45	0.997397473	0.054115059
chr6	46	0.997032026	0.04758375
chr6	47	1.000671733	0.050297176
chr6	48	0.998102972	0.058594198
chr6	49	0.995781349	0.058098176
chr6	50	1.000955151	0.057271719
chr6	51	0.994397682	0.057491456
chr6	52	0.998301887	0.055487276
chr6	53	0.998710094	0.073360405
chr6	54	0.997073075	0.052678545
chr6	55	0.997425688	0.049310472
chr6	56	0.998769505	0.056386061
chr6	57	0.999200384	0.049618378
chr6	58	0.99633805	0.065042003
chr6	59	0.994530595	0.051975266
chr6	60	1.00216237	0.052173716
chr6	61	1.003897898	0.055234602
chr6	62	0.998460485	0.055496167
chr6	63	0.996414388	0.063502996
chr6	64	0.999542258	0.055907016
chr6	65	0.995726958	0.051679292
chr6	66	1.000313241	0.056184703
chr6	67	0.998099851	0.05275722
chr6	68	0.997775107	0.056188844
chr6	69	1.00326583	0.051921958
chr6	70	0.999730985	0.056349456
chr6	71	0.999354973	0.04911365
chr6	72	1.004741337	0.051564328
chr6	73	1.002661445	0.049748993
chr6	74	0.994725243	0.083299291
chr6	75	1.001810227	0.063051271
chr6	76	0.999945718	0.050874512
chr6	77	1.001687202	0.05278206
chr6	78	1.003457556	0.072960286
chr6	79	0.998028517	0.050667851
chr6	80	0.998727773	0.049232399
chr6	81	1.003670021	0.050502314
chr6	82	1.005016622	0.050414545
chr6	83	0.993919806	0.050224123
chr6	84	1.005519226	0.052672034
chr6	85	0.999472919	0.049692801
chr6	86	1.001752583	0.053459134
chr6	87	1.006625464	0.058554919
chr6	88	0.993453499	0.053681295
chr6	89	1.004977807	0.057201479
chr6	90	1.656664638	0.080691878
chr7	1	0.995277186	0.064843962
chr7	2	0.994780004	0.064416532
chr7	3	1.002539591	0.056191125
chr7	4	0.995661935	0.064147729
chr7	5	1.000904637	0.052681938
chr7	6	0.996800446	0.052644691
chr7	7	1.003278542	0.056081338
chr7	8	0.993466505	0.057166771
chr7	9	0.998089566	0.053236038
chr7	10	0.999732269	0.057589241
chr7	11	0.995711166	0.052541691
chr7	12	0.995201501	0.050177515
chr7	13	1.001398812	0.051887126
chr7	14	0.997793658	0.055766362
chr7	15	0.996813475	0.05144624
chr7	16	0.998957298	0.056490338
chr7	17	1.003209553	0.062416276
chr7	18	1.002132408	0.07241427
chr7	19	1.007693521	0.054955904
chr7	20	0.993784757	0.048423549
chr7	21	1.002007629	0.052339508
chr7	22	1.007682541	0.050452914
chr7	23	1.001486142	0.06307546
chr7	24	0.996876544	0.048878852
chr7	25	0.995805157	0.051060925
chr7	26	0.999531957	0.052443884
chr7	27	1.002807678	0.051485155
chr7	28	1.005167264	0.057235649
chr7	29	0.99573233	0.068075379
chr7	30	1.00469936	0.057009551
chr7	31	1.00277628	0.078652279
chr7	32	1.001350369	0.063484015
chr7	33	0.99933681	0.056987625
chr7	34	1.000348517	0.050885551
chr7	35	0.996022062	0.074087831
chr7	36	0.999711476	0.055328553
chr7	37	0.998849729	0.052591997
chr7	38	1.004872903	0.052944768
chr7	39	0.999142848	0.053102557
chr7	40	0.995140106	0.052282708
chr7	41	0.99789304	0.049739288
chr7	42	0.996407084	0.049512319
chr7	43	1.000984789	0.057239544
chr7	44	0.999130061	0.048940308
chr7	45	1.005482923	0.051580747
chr7	46	0.998566669	0.050193972
chr7	47	0.996452829	0.050937113
chr7	48	0.994635793	0.054542865
chr7	49	1.002431402	0.056512864
chr7	50	1.003925841	0.051674252
chr7	51	1.000965691	0.055834571
chr7	52	1.001017126	0.054783376
chr7	53	0.99748381	0.052572889
chr7	54	0.993957926	0.057993418
chr7	55	0.999691737	0.049834471
chr7	56	0.997124558	0.052530443
chr7	57	1.00474415	0.051597342
chr7	58	0.997900057	0.05192105
chr7	59	0.998261913	0.057338258
chr7	60	0.99573432	0.051492384
chr7	61	0.995335223	0.050462717
chr7	62	0.998197264	0.057733032
chr7	63	1.004484714	0.050787093
chr7	64	0.997340397	0.064818312
chr7	65	1.000964037	0.054102755
chr7	66	1.005356453	0.056070899
chr7	67	1.001939568	0.054222547
chr7	68	1.00747304	0.051383796
chr7	69	0.996144975	0.058127429
chr7	70	1.003476739	0.081866978
chr7	71	1.005235625	0.048686016
chr7	72	1.002666999	0.057609021
chr7	73	1.000836968	0.052890159
chr7	74	1.002327914	0.063146362
chr7	75	1.003854741	0.049553474
chr7	76	1.002339685	0.065123924
chr7	77	0.997387102	0.063802162
chr7	78	1.774213121	0.080873985
chr8	1	0.997974046	0.059958906
chr8	2	0.998986544	0.070696987
chr8	3	1.002211205	0.072219103
chr8	4	0.993673549	0.050624574
chr8	5	0.998523519	0.060026059
chr8	6	0.999808648	0.055980552
chr8	7	1.000937758	0.052093141
chr8	8	0.997678599	0.052171031
chr8	9	1.001323172	0.0516712
chr8	10	0.99496962	0.056290165
chr8	11	0.999953225	0.058291765
chr8	12	1.001729159	0.048598188
chr8	13	0.9998114	0.056030253
chr8	14	0.996176623	0.055101841
chr8	15	1.001508166	0.05421226
chr8	16	1.002271878	0.048576143
chr8	17	1.000740882	0.049178746
chr8	18	1.00238833	0.058322666
chr8	19	1.000653738	0.065912461
chr8	20	0.999597985	0.069342502
chr8	21	1.004788062	0.062468753
chr8	22	1.003416938	0.05087892
chr8	23	0.994208219	0.061161588
chr8	24	1.006035404	0.06605966
chr8	25	1.003530324	0.052560869
chr8	26	0.996292009	0.053340504
chr8	27	0.995075709	0.064795478
chr8	28	0.998653193	0.050115487
chr8	29	1.00381758	0.050483321
chr8	30	1.002143748	0.049536932
chr8	31	1.001712615	0.062708836
chr8	32	0.996718471	0.049408775
chr8	33	0.994023766	0.047213002
chr8	34	1.001660486	0.055445959
chr8	35	1.003775493	0.056076113
chr8	36	1.001121327	0.064252185
chr8	37	0.996031398	0.050764434
chr8	38	1.002925299	0.048542599
chr8	39	0.997198116	0.055001512
chr8	40	1.000778664	0.051869294
chr8	41	1.005841509	0.056601603
chr8	42	0.99579989	0.063018415
chr8	43	1.0035171	0.056948003
chr8	44	1.004666425	0.053143431
chr8	45	1.001832845	0.062459187
chr8	46	0.995929546	0.057848041
chr8	47	1.005132259	0.056664707
chr8	48	0.994804223	0.053019742
chr8	49	0.996422965	0.05708611
chr8	50	1.00117215	0.049649663
chr8	51	0.994800223	0.050371487
chr8	52	0.999037916	0.052633873
chr8	53	0.995862599	0.054767353
chr8	54	1.001737757	0.061857529
chr8	55	0.99597704	0.049069023
chr8	56	0.998895946	0.053249445
chr8	57	0.999452539	0.053801527
chr8	58	0.996134428	0.051629967
chr8	59	0.995455748	0.057139291
chr8	60	0.999326574	0.0505002
chr8	61	0.998735124	0.050992424
chr8	62	1.003141167	0.05057179
chr8	63	0.993983328	0.051309733
chr8	64	0.996721436	0.051670581
chr8	65	0.997389733	0.056647346
chr8	66	1.004534346	0.049103031
chr8	67	1.004070276	0.049568182
chr8	68	1.003502053	0.050772772
chr8	69	1.001706559	0.065811165
chr8	70	1.001274311	0.057937942
chr8	71	1.002027907	0.052146944
chr8	72	1.003273995	0.056939214
chr8	73	0.996563697	0.057930487
chr8	74	0.997815194	0.058071586
chr8	75	0.998870142	0.05150546
chr8	76	0.999238418	0.05225509
chr8	77	1.006402313	0.070474447
chr8	78	1.394912851	0.070855798
chr9	1	0.998918651	0.051653743
chr9	2	0.995598505	0.052118086
chr9	3	1.002507175	0.054581843
chr9	4	1.003304467	0.050970129
chr9	5	0.997310855	0.052326446
chr9	6	0.998518701	0.051419566
chr9	7	1.002321316	0.055959275
chr9	8	0.996650872	0.051281993
chr9	9	0.996009891	0.062290241
chr9	10	1.000050901	0.05130202
chr9	11	0.997819987	0.056712746
chr9	12	0.996089709	0.056514657
chr9	13	1.006617626	0.0533493
chr9	14	1.001474436	0.05839318
chr9	15	1.000480742	0.057355114
chr9	16	1.003883784	0.064253709
chr9	17	1.001665225	0.054273653
chr9	18	1.002874811	0.050731452
chr9	19	1.00010656	0.050737514
chr9	20	1.005679723	0.062425607
chr9	21	1.005220929	0.048513345
chr9	22	0.998479759	0.050117961
chr9	23	0.993965533	0.05022132
chr9	24	1.002228503	0.057145672
chr9	25	0.997012893	0.055686472
chr9	26	0.997628976	0.062157134
chr9	27	0.994668225	0.056227232
chr9	28	0.999694496	0.048965585
chr9	29	1.004712443	0.058033358
chr9	30	0.999076201	0.052748451
chr9	31	0.998619272	0.05005254
chr9	32	0.993956298	0.053962038
chr9	33	0.998771714	0.04887131
chr9	34	1.001832702	0.057278623
chr9	35	0.999030991	0.052373273
chr9	36	1.004692414	0.051911951
chr9	37	1.003522573	0.04758376
chr9	38	0.994360563	0.04927104
chr9	39	1.002881439	0.062595864
chr9	40	1.000168334	0.105118256
chr9	41	1.002737253	0.052592517
chr9	42	1.003628229	0.051009281
chr9	43	1.001994018	0.052643155
chr9	44	0.995971568	0.05229809
chr9	45	0.996363972	0.057963686
chr9	46	0.994951433	0.052329387
chr9	47	1.003487319	0.051984319
chr9	48	0.999191114	0.05476249
chr9	49	0.9976565	0.067242516
chr9	50	1.003827105	0.05595815
chr9	51	1.005154858	0.049447478
chr9	52	1.00049561	0.061467989
chr9	53	0.99978548	0.050743503
chr9	54	0.996588432	0.062590112
chr9	55	1.000200961	0.062633285
chr9	56	1.004613264	0.06294399
chr9	57	0.996378785	0.048843472
chr9	58	1.000184296	0.051750315
chr9	59	1.851213099	0.076753864
chr10	1	0.996866728	0.053814833
chr10	2	1.002648902	0.061836099
chr10	3	0.997720342	0.052338883
chr10	4	0.998361034	0.054926801
chr10	5	0.995383191	0.05465304
chr10	6	0.994585039	0.063889138
chr10	7	0.999638093	0.055166712
chr10	8	0.995304235	0.054969512
chr10	9	0.999417376	0.047284558
chr10	10	1.001602203	0.062537654
chr10	11	1.001664654	0.056038352
chr10	12	0.998794604	0.050724828
chr10	13	1.000202609	0.053083762
chr10	14	0.996918666	0.062656552
chr10	15	0.996303672	0.050378577
chr10	16	0.994599531	0.052336908
chr10	17	0.997153148	0.054843235
chr10	18	1.00211856	0.050987338
chr10	19	0.998170815	0.054992753
chr10	20	1.000171301	0.062684129
chr10	21	0.993444046	0.056077093
chr10	22	0.998956502	0.052820417
chr10	23	1.001284361	0.07060332
chr10	24	0.999131363	0.054502984
chr10	25	0.998194593	0.051333665
chr10	26	0.996369092	0.056344211
chr10	27	0.998349048	0.064784058
chr10	28	0.999301428	0.058399474
chr10	29	1.006177556	0.053933143
chr10	30	0.99454852	0.049118381
chr10	31	0.996294412	0.057948285
chr10	32	0.996022983	0.050029772
chr10	33	1.00136968	0.053809286
chr10	34	0.995640522	0.056289839
chr10	35	1.004929911	0.04940208
chr10	36	0.996379376	0.055919718
chr10	37	0.999922734	0.062808112
chr10	38	1.003748655	0.052744742
chr10	39	0.995087095	0.052186768
chr10	40	0.994408311	0.051423525
chr10	41	0.996295295	0.050539374
chr10	42	1.004418373	0.056057722
chr10	43	1.001898362	0.056670649
chr10	44	0.999009698	0.062496525
chr10	45	1.001394738	0.052086222
chr10	46	0.995976117	0.049726256
chr10	47	0.997566168	0.056060102
chr10	48	1.000812516	0.047118016
chr10	49	1.005716066	0.063070942
chr10	50	0.996747221	0.06091519
chr10	51	0.998766589	0.049671128
chr10	52	0.99516517	0.055129925
chr10	53	1.003106	0.052858846
chr10	54	0.998385317	0.055292349
chr10	55	1.001303332	0.053120935
chr10	56	0.994146802	0.057556909
chr10	57	0.998713817	0.05123098
chr10	58	0.999273829	0.064636662
chr10	59	0.997393614	0.052190673
chr10	60	1.003627722	0.062487413
chr10	61	0.99507432	0.05663593
chr10	62	0.996627873	0.048568905
chr10	63	0.994627406	0.046300317
chr10	64	0.998962334	0.055577455
chr10	65	1.006113256	0.055208655
chr10	66	1.004265492	0.054845096
chr10	67	1.007608731	0.053135532
chr10	68	0.994534684	0.059496505
chr10	69	1.007522614	0.056437253
chr10	70	1.801280378	0.086476797
chr11	1	1.000499321	0.066430338
chr11	2	1.0053535	0.051202521
chr11	3	0.996828292	0.065489123
chr11	4	0.998458645	0.055688146
chr11	5	0.996539707	0.047571288
chr11	6	0.99663834	0.054655058
chr11	7	1.000456509	0.059288183
chr11	8	1.002739016	0.071494379
chr11	9	0.995299487	0.052342194
chr11	10	0.998996561	0.054577466
chr11	11	1.001615513	0.053080739
chr11	12	1.001735376	0.050665906
chr11	13	1.001324346	0.056916878
chr11	14	0.99877235	0.053349795
chr11	15	0.998103153	0.056840416
chr11	16	0.995887536	0.051840454
chr11	17	1.001823907	0.064851041
chr11	18	1.000360596	0.05090259
chr11	19	1.004622198	0.050238421
chr11	20	0.995344747	0.057085259
chr11	21	1.00582676	0.056135441
chr11	22	0.994817662	0.057132552
chr11	23	0.99718271	0.054163502
chr11	24	0.997851463	0.054847291
chr11	25	1.000882313	0.049635045
chr11	26	0.999607692	0.06155343
chr11	27	0.997820509	0.055972104
chr11	28	0.998219957	0.051963734
chr11	29	1.001323884	0.049728556
chr11	30	1.005899206	0.071194218
chr11	31	0.994688361	0.05549382
chr11	32	1.000987289	0.053352384
chr11	33	1.001760536	0.051053947
chr11	34	0.999575503	0.058073539
chr11	35	0.999938868	0.048798111
chr11	36	1.00479051	0.050803197
chr11	37	1.000322886	0.055793742
chr11	38	0.995775761	0.063543951
chr11	39	0.995241304	0.051449518
chr11	40	1.002525421	0.065536749
chr11	41	0.996511042	0.051674871
chr11	42	0.997138881	0.052429484
chr11	43	0.995317272	0.050930287
chr11	44	0.997421678	0.055077253
chr11	45	0.998259562	0.053564838
chr11	46	0.998479408	0.060606595
chr11	47	1.003509891	0.055293013
chr11	48	1.003922777	0.050584554
chr11	49	1.001097214	0.051039673
chr11	50	1.001336075	0.053135122
chr11	51	1.001444002	0.065045428
chr11	52	0.994815036	0.049629348
chr11	53	0.998377548	0.055572973
chr11	54	0.999360476	0.056714661
chr11	55	1.000102263	0.049717221
chr11	56	1.007952676	0.049196028
chr11	57	0.997915306	0.048264845
chr11	58	0.993508839	0.048145614
chr11	59	0.999010611	0.051163177
chr11	60	0.999063719	0.050264341
chr11	61	1.000565814	0.050640914
chr11	62	1.002013912	0.058534353
chr11	63	1.002863881	0.053668667
chr11	64	0.995486073	0.050110198
chr11	65	0.999565574	0.061582745
chr11	66	0.9977464	0.057549951
chr11	67	0.997662992	0.049461922
chr11	68	0.996465271	0.054330127
chr11	69	1.006291834	0.053574738
chr11	70	1.418326194	0.062757228
chr12	1	0.998343943	0.053180154
chr12	2	0.994071595	0.047834531
chr12	3	1.006925104	0.050675173
chr12	4	0.99896732	0.047685632
chr12	5	0.998365291	0.05425364
chr12	6	0.998025888	0.053015037
chr12	7	0.996030941	0.050375839
chr12	8	0.996471247	0.051365564
chr12	9	0.999499794	0.063311156
chr12	10	0.994162598	0.051788631
chr12	11	0.997043199	0.051979673
chr12	12	1.001838026	0.058304159
chr12	13	1.0047474	0.050997734
chr12	14	0.999011415	0.050102347
chr12	15	0.994096631	0.073841407
chr12	16	0.997598621	0.049396148
chr12	17	0.999003451	0.051080761
chr12	18	0.993965794	0.068109538
chr12	19	0.997657501	0.050545923
chr12	20	0.99563486	0.050791344
chr12	21	0.996174952	0.055942651
chr12	22	0.999653613	0.063493725
chr12	23	1.006009545	0.050753081
chr12	24	0.995105837	0.055844808
chr12	25	1.002796313	0.054571079
chr12	26	1.001527542	0.049399951
chr12	27	0.996452988	0.050107709
chr12	28	0.99680546	0.052642414
chr12	29	0.997868248	0.049698727
chr12	30	1.001741825	0.053136256
chr12	31	0.995995788	0.052888699
chr12	32	1.004999144	0.050176273
chr12	33	0.997359453	0.06314634
chr12	34	0.999171993	0.062240592
chr12	35	1.006436639	0.055477636
chr12	36	0.998561695	0.051521487
chr12	37	1.0038699	0.051179759
chr12	38	0.996443656	0.062480492
chr12	39	0.995225235	0.048930756
chr12	40	0.996667817	0.052768378
chr12	41	0.995632225	0.05531093
chr12	42	0.999540956	0.05325044
chr12	43	1.002489191	0.063455534
chr12	44	1.003842942	0.053058253
chr12	45	0.996890754	0.049604935
chr12	46	1.003975965	0.053214059
chr12	47	1.002582004	0.052499037
chr12	48	1.006768591	0.051415114
chr12	49	0.999409541	0.050517747
chr12	50	0.99391309	0.052534299
chr12	51	0.994337068	0.063870039
chr12	52	0.995634521	0.05012863
chr12	53	1.002965245	0.053100863
chr12	54	0.993407287	0.048206555
chr12	55	0.995267544	0.050769128
chr12	56	0.99928824	0.049683547
chr12	57	0.99864649	0.051793221
chr12	58	0.997165691	0.049966559
chr12	59	0.996508006	0.049977102
chr12	60	0.99840749	0.051822131
chr12	61	0.999205144	0.048407168
chr12	62	0.996416929	0.057007557
chr12	63	0.998707927	0.057171428
chr12	64	0.996804009	0.055251835
chr12	65	0.994351732	0.053382349
chr12	66	0.994826811	0.055469939
chr12	67	1.000256347	0.056876754
chr12	68	1.006881352	0.076465933
chr12	69	1.253547194	0.057534669
chr13	1	0.998537819	0.060262881
chr13	2	1.000849348	0.05136684
chr13	3	1.001271381	0.053142242
chr13	4	1.004633075	0.048524846
chr13	5	1.006426078	0.048939535
chr13	6	1.000599554	0.04814506
chr13	7	0.996619979	0.06257631
chr13	8	0.996032631	0.050905323
chr13	9	0.998229504	0.058068208
chr13	10	0.998143483	0.056117111
chr13	11	1.004225145	0.056663094
chr13	12	0.994810902	0.049652474
chr13	13	1.004022325	0.056392937
chr13	14	0.998049217	0.05192176
chr13	15	0.999723505	0.051113411
chr13	16	0.995190143	0.051359628
chr13	17	1.00274671	0.064371683
chr13	18	1.000376927	0.056831747
chr13	19	0.993892635	0.055314337
chr13	20	0.994800618	0.076377067
chr13	21	0.999479676	0.060037406
chr13	22	1.00490574	0.052441893
chr13	23	0.99559829	0.055444988
chr13	24	1.003271382	0.054119998
chr13	25	0.998215492	0.053378084
chr13	26	1.001142739	0.054106102
chr13	27	1.003263977	0.057983547
chr13	28	1.001300128	0.064539762
chr13	29	0.998847159	0.051594429
chr13	30	1.004970953	0.050641083
chr13	31	1.005783424	0.049669731
chr13	32	0.997649364	0.063935469
chr13	33	1.000058148	0.056942893
chr13	34	1.003563321	0.048461281
chr13	35	0.99615251	0.059129677
chr13	36	0.995495555	0.052733457
chr13	37	0.994340384	0.058602648
chr13	38	0.998191806	0.051142569
chr13	39	0.995954319	0.064313543
chr13	40	1.003920348	0.050338564
chr13	41	0.995924669	0.052198932
chr13	42	0.99756042	0.055559306
chr13	43	1.001628257	0.052933564
chr13	44	0.998958896	0.050810298
chr13	45	0.996731319	0.056506696
chr13	46	0.998229249	0.056994186
chr13	47	1.003558978	0.058520436
chr13	48	1.003142432	0.055408586
chr13	49	0.998344416	0.05689548
chr13	50	1.000137887	0.052683576
chr13	51	1.006712403	0.052310112
chr13	52	1.52650476	0.081215787
chr14	1	0.999368308	0.055410801
chr14	2	1.00397033	0.050386259
chr14	3	0.999742728	0.049160466
chr14	4	1.004409664	0.058986768
chr14	5	0.996679035	0.051577309
chr14	6	0.99668128	0.051251824
chr14	7	1.004999243	0.055340965
chr14	8	0.996999266	0.051078276
chr14	9	0.999951356	0.055945896
chr14	10	0.997154724	0.056551653
chr14	11	0.995318848	0.052574629
chr14	12	0.9960051	0.057427288
chr14	13	0.997262086	0.073439009
chr14	14	1.005372513	0.055732105
chr14	15	1.004816625	0.052763704
chr14	16	0.999478198	0.056200384
chr14	17	0.997324927	0.049651957
chr14	18	1.00077817	0.048842
chr14	19	1.00283264	0.055965512
chr14	20	0.997496417	0.062240608
chr14	21	0.993144359	0.050151199
chr14	22	0.99864827	0.052198228
chr14	23	0.996095864	0.072363093
chr14	24	1.0034677	0.052947081
chr14	25	1.003585621	0.063372506
chr14	26	0.994910635	0.051370661
chr14	27	0.995053711	0.05564255
chr14	28	0.99380952	0.056955535
chr14	29	1.000208256	0.063783801
chr14	30	0.996848338	0.054916011
chr14	31	0.997274085	0.048655163
chr14	32	0.995064161	0.058287831
chr14	33	0.995460536	0.055984267
chr14	34	0.99859157	0.053576343
chr14	35	1.002654263	0.051948046
chr14	36	1.00167401	0.057947196
chr14	37	1.000952225	0.053542757
chr14	38	1.003437449	0.048649845
chr14	39	1.000591564	0.051084195
chr14	40	1.001583491	0.048481944
chr14	41	0.999235982	0.062472905
chr14	42	1.001015441	0.056526529
chr14	43	0.994159679	0.057366183
chr14	44	1.005100759	0.065873594
chr14	45	1.001481158	0.049305517
chr14	46	0.999082724	0.052719384
chr14	47	1.57659233	0.06861434
chr15	1	1.006710577	0.05927491
chr15	2	0.996626787	0.075872486
chr15	3	0.999141173	0.061137448
chr15	4	1.006846442	0.060171943
chr15	5	1.003623859	0.051386742
chr15	6	0.999689037	0.06386057
chr15	7	0.994429279	0.052034538
chr15	8	1.000477636	0.058041163
chr15	9	1.003309673	0.050465787
chr15	10	0.99503373	0.049641472
chr15	11	1.00410752	0.049619767
chr15	12	0.999393081	0.058236499
chr15	13	0.995928911	0.055976138
chr15	14	1.005366191	0.052947505
chr15	15	0.994297233	0.04826204
chr15	16	1.001042591	0.052911569
chr15	17	1.001691383	0.057672732
chr15	18	1.003701192	0.049920528
chr15	19	1.000775859	0.052219507
chr15	20	0.997939088	0.059549026
chr15	21	0.993479219	0.050008379
chr15	22	1.00223108	0.053275812
chr15	23	0.999310153	0.048960928
chr15	24	0.999477402	0.04986042
chr15	25	0.997602691	0.054926199
chr15	26	1.000096341	0.057692935
chr15	27	1.007008816	0.049344425
chr15	28	0.994284837	0.054286167
chr15	29	1.003533986	0.053053246
chr15	30	1.001610361	0.05487333
chr15	31	1.004090977	0.049539591
chr15	32	0.997250583	0.050024826
chr15	33	1.002725278	0.050831641
chr15	34	1.005443847	0.059798353
chr15	35	0.999507189	0.049345468
chr15	36	0.998634153	0.051247773
chr15	37	1.003956192	0.048084927
chr15	38	0.999617723	0.049510858
chr15	39	1.000798311	0.050364851
chr15	40	0.993434703	0.056363376
chr15	41	0.998997146	0.049449269
chr15	42	1.153264463	0.058376035
chr16	1	0.996730693	0.059970568
chr16	2	1.005535205	0.0554439
chr16	3	1.003030375	0.054390398
chr16	4	1.001911892	0.059763919
chr16	5	1.000870623	0.051172946
chr16	6	0.994103008	0.052317777
chr16	7	1.002829311	0.055325194
chr16	8	1.003535801	0.052194158
chr16	9	0.997736482	0.051610791
chr16	10	0.995282617	0.050606807
chr16	11	0.994342512	0.067361606
chr16	12	0.996660649	0.055262402
chr16	13	0.99504956	0.060847206
chr16	14	1.003871385	0.049326444
chr16	15	1.00322435	0.076697016
chr16	16	0.999918461	0.062899898
chr16	17	1.001794013	0.048889752
chr16	18	0.998309357	0.052656937
chr16	19	1.000268949	0.051299401
chr16	20	1.00306257	0.050481209
chr16	21	0.997604601	0.04825656
chr16	22	0.995785177	0.049944261
chr16	23	1.001256808	0.054030362
chr16	24	0.996917131	0.058763867
chr16	25	1.005068114	0.058755329
chr16	26	1.003615664	0.054542483
chr16	27	0.997054805	0.054328163
chr16	28	0.997703653	0.054580983
chr16	29	0.995020994	0.055245629
chr16	30	1.000848334	0.055900806
chr16	31	0.995056266	0.049807967
chr16	32	0.994067838	0.054709856
chr16	33	1.000098174	0.05152114
chr16	34	0.997203004	0.065374207
chr16	35	1.002119724	0.053547807
chr16	36	0.998534664	0.053808557
chr16	37	0.999022635	0.051099359
chr16	38	0.998747205	0.051446203
chr16	39	1.481655639	0.066595436
chr17	1	1.002113621	0.053158797
chr17	2	0.99953551	0.064397543
chr17	3	1.003044289	0.054315866
chr17	4	0.994778702	0.052481169
chr17	5	1.000361365	0.062161651
chr17	6	1.002291202	0.058576547
chr17	7	0.997455187	0.05132154
chr17	8	0.998217298	0.063477608
chr17	9	0.997567634	0.050732239
chr17	10	1.024247583	0.056707246
chr17	11	0.999977356	0.048666635
chr17	12	0.996459981	0.055347079
chr17	13	0.996957561	0.048861062
chr17	14	0.99853612	0.058236517
chr17	15	1.002445527	0.056142797
chr17	16	1.004693283	0.052427966
chr17	17	1.003317455	0.050113811
chr17	18	1.004306354	0.051512266
chr17	19	0.997313509	0.049216138
chr17	20	0.999702554	0.054742798
chr17	21	1.003978729	0.049193317
chr17	22	1.001889013	0.062039136
chr17	23	1.001963654	0.057572528
chr17	24	0.999457798	0.049996736
chr17	25	0.998532147	0.055931909
chr17	26	0.998140368	0.061661003
chr17	27	0.99779611	0.055857354
chr17	28	1.002405921	0.059216151
chr17	29	0.999203479	0.045962148
chr17	30	0.993933762	0.050288809
chr17	31	0.99555111	0.050277121
chr17	32	1.002665004	0.057506522
chr17	33	1.003284535	0.056038355
chr17	34	0.9995432	0.04985125
chr17	35	1.002360008	0.051813537
chr17	36	0.998606573	0.055550311
chr17	37	1.002452646	0.050086661
chr17	38	1.157862391	0.068542859
chr18	1	0.994098173	0.051521072
chr18	2	1.001377054	0.051832998
chr18	3	1.005321592	0.049725198
chr18	4	1.004875257	0.052989454
chr18	5	0.999905293	0.059663169
chr18	6	0.994649626	0.052012875
chr18	7	0.994711226	0.051147342
chr18	8	0.993569008	0.052279846
chr18	9	0.999538354	0.05652418
chr18	10	1.006126154	0.056964932
chr18	11	1.005353622	0.05211166
chr18	12	0.9990058	0.057949178
chr18	13	1.00084587	0.052827826
chr18	14	1.002337318	0.050449121
chr18	15	0.999125238	0.051682743
chr18	16	1.006033473	0.051190592
chr18	17	1.008837418	0.048119252
chr18	18	1.000308165	0.054686148
chr18	19	0.995663512	0.053021957
chr18	20	0.997163189	0.059713309
chr18	21	1.000185274	0.052417675
chr18	22	1.009199924	0.060290471
chr18	23	0.998218768	0.054113916
chr18	24	1.00356193	0.048713456
chr18	25	0.996674288	0.055579619
chr18	26	0.994028648	0.052825939
chr18	27	1.000598933	0.061049447
chr18	28	1.005394976	0.056159501
chr18	29	1.000816133	0.055644223
chr18	30	1.001304457	0.055567125
chr18	31	1.002340441	0.051070326
chr18	32	0.998399181	0.055552236
chr18	33	1.001781567	0.062638891
chr18	34	0.998798261	0.050399295
chr18	35	0.995035932	0.066994029
chr18	36	1.004290833	0.052678533
chr18	37	0.995920881	0.062571153
chr18	38	0.996386351	0.052279287
chr18	39	1.007177782	0.052695836
chr18	40	1.004052486	0.066528992
chr18	41	0.996835377	0.066567169
chr18	42	1.182226595	0.068218317
chr19	1	0.994331945	0.092805805
chr19	2	0.998991812	0.088451319
chr19	3	0.998573624	0.084221379
chr19	4	0.999547886	0.087021713
chr19	5	1.000996248	0.09827661
chr19	6	0.994941771	0.081652829
chr19	7	0.996868971	0.085871833
chr19	8	1.003431578	0.077178966
chr19	9	1.000801373	0.083575916
chr19	10	0.993853995	0.082824266
chr19	11	1.000278355	0.09755383
chr19	12	0.996273419	0.084398854
chr19	13	0.999589577	0.101489066
chr19	14	0.994765744	0.08528152
chr19	15	1.000578832	0.094507789
chr19	16	0.997254269	0.085173848
chr19	17	1.004502315	0.125173512
chr19	18	1.860308593	0.14780721
chr20	1	1.00492356	0.061948486
chr20	2	1.00215836	0.048832042
chr20	3	0.996378941	0.056082413
chr20	4	1.004351072	0.051138763
chr20	5	0.993891009	0.064078757
chr20	6	0.998320319	0.049482835
chr20	7	0.997907307	0.05719746
chr20	8	1.003842351	0.050138203
chr20	9	1.003639009	0.053924792
chr20	10	1.000490131	0.059372864
chr20	11	0.998037489	0.047146275
chr20	12	0.996217706	0.057816185
chr20	13	0.997148553	0.062615227
chr20	14	1.003200578	0.055728899
chr20	15	1.00334069	0.064089696
chr20	16	1.003294189	0.050859848
chr20	17	0.997271262	0.064613967
chr20	18	1.003309095	0.055804294
chr20	19	1.000179399	0.049814653
chr20	20	0.998239944	0.055799252
chr20	21	0.997148634	0.049591564
chr20	22	0.994963302	0.059097803
chr20	23	0.999413388	0.061594227
chr20	24	1.004332141	0.050558338
chr20	25	0.995630103	0.048444831
chr20	26	1.004031894	0.049829384
chr20	27	0.996663021	0.047984424
chr20	28	1.005085843	0.062805567
chr20	29	1.005040976	0.059718487
chr20	30	1.001393816	0.050466897
chr20	31	1.00014158	0.047150801
chr20	32	0.998641601	0.051251677
chr20	33	1.91326276	0.082721218
chr21	1	1.001686151	0.052155147
chr21	2	0.997897589	0.07316432
chr21	3	1.000250412	0.050761213
chr21	4	1.001735955	0.054505385
chr21	5	1.003804411	0.055433635
chr21	6	0.994376779	0.054146573
chr21	7	0.995652152	0.049945189
chr21	8	1.001301421	0.05816429
chr21	9	0.998968479	0.051707753
chr21	10	0.999548546	0.062389833
chr21	11	1.002447414	0.072139966
chr21	12	1.005617736	0.053311835
chr21	13	1.006989629	0.05104557
chr21	14	0.997183122	0.05394647
chr21	15	1.004351798	0.050386902
chr21	16	0.999772084	0.052629889
chr21	17	0.997015599	0.057091937
chr21	18	1.174086765	0.068731294
chr22	1	1.007072534	0.059257793
chr22	2	0.99712088	0.053555269
chr22	3	1.003716427	0.062924865
chr22	4	1.00564794	0.054331412
chr22	5	1.0007271	0.05119176
chr22	6	0.999199874	0.05822119
chr22	7	1.002579744	0.050530525
chr22	8	1.001744181	0.053950641
chr22	9	0.996528285	0.050397835
chr22	10	0.995241941	0.050744928
chr22	11	0.99531315	0.04889564
chr22	12	0.999391499	0.053407757
chr22	13	1.00105651	0.047213951
chr22	14	1.006633731	0.064216792
chr22	15	1.004316017	0.055319085
chr22	16	1.005706157	0.059056722
chr22	17	1.041291809	0.057816818
