chrom	loc.start	loc.end	num.mark	seg.mean	FusedLasso	Effective
chr1	860001	4800001	3	0.984835528845348	0.456149308425693	4980000
chr1	6320001	14660001	5	-0.0606177784325205	-0.0795884414373397	9140000
chr1	16420001	42620001	15	-0.553862490867753	-0.664271225842235	27220000
chr1	44460001	61960001	11	-0.300431258405303	-0.330060447897788	19120000
chr1	63780001	72540001	6	-0.259373118453508	-0.225001976492742	10560000
chr1	74400001	92520001	11	0.22925008965301	0.18106969174698	19660000
chr1	94500001	111440001	10	-0.882321850986608	-0.851948408045785	18020000
chr1	113200001	113200001	1	-0.563493321244153	-0.204100471703274	1960000
chr1	115160001	116860001	2	-0.428796707739103	-0.21658717474122	3400000
chr1	118620001	156200001	6	-0.0648490099488935	-0.0863680490833456	11700000
chr1	158000001	174480001	10	0.316856530163375	0.251378622872886	17920000
chr1	176240001	205320001	17	-0.212554544197109	-0.295136699717689	30480000
chr1	207580001	207580001	1	0.0583263992109347	-0.0231811465781395	1640000
chr1	209280001	245620001	21	0.244307354192557	0.285585377777649	38540000
chr2	40001	168580001	89	-0.11446851964866	-0.365227202433048	155960000
chr2	170260001	177500001	5	0.0348759520853491	-0.020825401652925	8960000
chr2	179220001	182680001	3	0.105663460432597	0.0104147775052951	5280000
chr2	184540001	231380001	27	0.136558169924824	0.167036604846894	48680000
chr2	233360001	240060001	5	0.915522925920064	0.56489336624532	9520000
chr3	120001	35340001	21	0.308553511070757	0.424527692446004	36660000
chr3	37020001	51920001	9	-0.952935082417359	-0.962286675511872	16700000
chr3	53740001	62180001	6	-0.133623715273822	-0.140639376811362	10000000
chr3	63780001	70600001	5	0.165893251938054	0.0859943486991197	8360000
chr3	72260001	72260001	1	0.187540671369895	0.0264656512073661	1680000
chr3	73940001	106860001	13	0.700185398519788	0.784990054103954	23620000
chr3	108540001	121200001	8	0.13424126655623	0.0888320803595992	14420000
chr3	123040001	130360001	5	0.0690526043241922	0.0157112357326484	8540000
chr3	132100001	162980001	18	-0.00801699069135431	-0.0454440801348252	32700000
chr3	164980001	179480001	9	-0.698309855225741	-0.714355587691406	16300000
chr3	181300001	193840001	8	0.263459912503212	0.207457696464571	16240000
chr4	60001	7500001	5	0.918799128039843	0.705002630656811	8560000
chr4	9940001	16700001	5	-0.414213128367637	-0.367965699137107	8480000
chr4	18440001	32620001	9	0.772186600885304	0.799337581949572	16000000
chr4	34560001	38180001	3	0.236271319830319	0.112755194498729	5720000
chr4	40280001	53880001	6	-0.351199611469275	-0.344226006466316	10880000
chr4	55700001	63380001	5	0.959664614922433	0.737896081557855	9540000
chr4	65400001	79320001	8	-0.250144517697739	-0.289242454630251	15060000
chr4	81100001	82820001	2	0.215857720773861	0.0753307833914109	3680000
chr4	84780001	94080001	6	1.2888278206132	1.10186124075077	11100000
chr4	95900001	120440001	14	-0.0236066010583198	-0.066352704545172	25840000
chr4	122220001	122220001	1	-0.0475561286890547	-0.0516760722422803	1840000
chr4	124060001	137660001	8	-0.123488033915769	-0.160286862746198	15060000
chr4	139440001	148860001	6	-1.04134271704939	-0.952756768946881	10760000
chr4	150620001	155860001	4	-0.406713314954931	-0.32736739737576	6980000
chr4	157600001	157600001	1	-0.142712755933442	-0.0859297177586184	1760000
chr4	159360001	188740001	17	0.677181915082655	0.970515681657249	31340000
chr5	40001	21560001	13	1.08161635586134	1.4474613047295	22420000
chr5	23560001	25520001	2	0.272454114492595	0.111143841764175	3860000
chr5	27420001	40580001	8	0.130590208214852	0.105081706137316	14540000
chr5	42420001	52820001	4	0.0314609444221787	-0.0114365441656436	7540000
chr5	54620001	177000001	68	-0.0536927323553575	-0.203711640174264	122720000
chr6	180001	10460001	7	0.299085856244228	0.232001017939221	12080000
chr6	12260001	22900001	7	-1.00794670383911	-1.02685704884075	12380000
chr6	24660001	52560001	16	-0.323166606261964	-0.526635029140101	28920000
chr6	54420001	56260001	2	-0.12508875313982	-0.120459487146223	3260000
chr6	57680001	67200001	3	1.7390969369085	1.04048207281141	5920000
chr6	69200001	88360001	11	-0.269520720376212	-0.381470368661882	20920000
chr6	90220001	132120001	24	0.306617098222571	0.490757507869042	43360000
chr6	133860001	155500001	13	-0.34244652460127	-0.505536404643	23260000
chr6	157160001	160860001	3	0.835332293944956	0.470636321192474	5360000
chr6	162720001	167920001	4	1.63375406016403	1.13342123055262	7960000
chr7	60001	17600001	10	0.260454291381708	0.287134795082054	18480000
chr7	19340001	39000001	12	-0.623470899078711	-0.928592725546027	20660000
chr7	40840001	40840001	1	0.0574121982393741	-0.0250969037329364	1580000
chr7	42420001	63460001	9	0.740610576593172	0.856899645386925	17480000
chr7	67240001	97900001	16	-0.232681063991069	-0.427760495502964	30040000
chr7	100200001	135680001	20	-0.647433343644927	-1.22836590651185	36220000
chr7	137440001	139500001	2	-0.00797577142796352	-0.0530886080374139	3880000
chr7	141380001	155940001	8	0.738369849099505	0.802536800850771	15960000
chr8	200001	5420001	4	1.05855549200418	0.856128240828188	6800000
chr8	8340001	33120001	15	-0.473874484440031	-0.773735252135615	25900000
chr8	34980001	104160001	36	0.385607717008816	0.937173732805317	65400000
chr8	105900001	119900001	9	0.0145083027445016	0.00104119927154833	15800000
chr8	121700001	143280001	14	-0.418158503734286	-0.662105506944219	24220000
chr9	220001	21620001	13	-0.413705340836991	-0.667207566163238	23200000
chr9	23520001	79920001	14	0.66840135677574	0.990834249962488	25540000
chr9	81660001	98380001	10	-0.218186126047916	-0.334287837275751	17760000
chr9	100500001	137560001	22	-0.422853665493328	-0.871411751133309	40160000
chr10	140001	140001	1	1.15809752386182	0.378156439102426	1720000
chr10	1860001	10440001	6	0.170034747295107	0.0934734623478286	10160000
chr10	12100001	21700001	6	0.0642268492374123	-0.0060180389948856	10980000
chr10	23620001	31240001	5	-0.362806391614419	-0.377834838511037	9560000
chr10	33220001	34880001	2	1.13120418375375	0.547702225903161	3560000
chr10	36780001	45820001	3	-0.00825566214125365	-0.0718998949246734	5500000
chr10	49840001	57920001	5	-0.604613026310212	-0.585395710906527	8940000
chr10	59800001	63260001	3	0.803354216933735	0.467735247679055	5140000
chr10	65020001	72540001	5	-0.398476031744204	-0.408452780953706	9080000
chr10	74140001	76340001	2	-0.781792342619277	-0.490833525486224	3820000
chr10	78040001	81040001	3	-1.44222821062389	-1.02534070514769	4880000
chr10	83300001	86860001	3	-0.237284171947787	-0.224179747272736	5200000
chr10	88500001	92480001	3	0.746135032169693	0.429690512485584	5440000
chr10	94360001	103640001	6	-1.2118968048827	-1.20596114889516	11260000
chr10	105700001	105700001	1	-0.323136331758816	-0.190455405665572	1600000
chr10	107300001	107300001	1	0.435410615567844	0.100733441676716	1720000
chr10	109020001	117560001	6	0.46121415765351	0.36727038326244	10120000
chr10	119160001	119160001	1	4.24702031770533	1.56392334652796	1560000
chr10	120720001	120720001	1	1.7217824762129	0.5945422173562	1780000
chr10	122500001	122500001	1	0.996430648588517	0.316096218268145	1640000
chr10	124140001	132260001	6	0.443160221310356	0.350294209792415	10880000
chr11	200001	68320001	34	0.117478696267635	0.236792603664469	62060000
chr11	70120001	132740001	36	-0.268997123997769	-0.71992623553334	62980000
chr12	180001	13800001	8	-1.32918967298711	-1.57810608687164	14520000
chr12	15580001	15580001	1	-0.304880494436303	-0.169200854174675	1720000
chr12	17300001	39300001	10	0.269380003572818	0.302550720797063	18560000
chr12	41140001	56460001	9	-1.01182396392249	-1.28281887918738	17360000
chr12	58660001	91640001	19	0.634747186500851	1.08352318134338	34460000
chr12	93400001	131200001	22	-0.170145838037956	-0.37033226761892	40060000
chr13	19520001	29440001	6	0.0343174098141665	4.03105487182335e-05	11120000
chr13	31180001	34600001	3	1.82182038564174	2.05863637412616	5180000
chr13	36360001	41660001	4	0.218375071711388	0.236427710068885	7080000
chr13	43500001	56380001	8	0.0593846567911878	0.0562769263149723	14460000
chr13	58380001	65820001	5	0.0186541994599097	-0.0283431246258726	9160000
chr13	67640001	85520001	11	-0.283733596142645	-0.687022706986182	19740000
chr13	87560001	93040001	4	1.21069275632909	1.56661227389959	7260000
chr13	94820001	108540001	9	-0.23143403581547	-0.521650206063277	15440000
chr13	110260001	110260001	1	0.366390814412703	0.189269982850337	1720000
chr13	111980001	111980001	1	2.13807131578287	1.37672340199924	2700000
chr14	20440001	30020001	6	-0.752214699730573	-0.950780103557456	11180000
chr14	31880001	33680001	2	-0.00158168800104785	-0.0491116338179935	3600000
chr14	35520001	69060001	19	0.562489570865303	1.15327545134611	35140000
chr14	70800001	103700001	20	-0.0597122903920279	-0.178854228720022	35980000
chr15	22780001	29880001	4	0.289821968979804	0.187361331109876	7120000
chr15	33000001	38320001	4	-1.24117842915982	-1.25902544086899	6740000
chr15	39960001	39960001	1	-0.491838554893765	-0.31877116433338	2080000
chr15	42040001	55220001	8	0.214104656713217	0.199612384781358	14660000
chr15	57220001	65940001	6	-0.95194659339326	-1.18789958251969	10460000
chr15	67680001	76540001	6	0.454438163182616	0.43936779378604	10400000
chr15	78420001	100280001	13	-0.389735692698042	-0.750218244639238	22600000
chr16	100001	4580001	3	1.14605776327612	1.06469644229639	6060000
chr16	6480001	6480001	1	0.231808715059808	0.0786325731494983	1640000
chr16	8120001	8120001	1	-1.15079026220616	-0.69898214972225	1780000
chr16	9980001	11800001	2	-1.91952819559891	-1.57852801325846	3620000
chr16	13640001	13640001	1	2.16919745779595	1.16827753531831	1920000
chr16	16260001	16260001	1	-2.76476542445638	-1.60672971004296	1760000
chr16	19260001	25440001	4	0.313570869487232	0.300979605722421	7060000
chr16	27080001	47020001	3	-0.232008300707687	-0.27775599808967	6260000
chr16	48880001	55340001	5	-0.573244632023205	-0.772673771057784	8120000
chr16	57060001	58980001	2	0.598541026209243	0.42433342907864	3740000
chr16	60800001	62540001	2	-1.10481289412485	-0.930506962179995	3500000
chr16	64300001	65900001	2	0.752988267619704	0.547180101448598	3420000
chr16	67720001	67720001	1	-0.352634844057805	-0.250075840302477	2120000
chr16	69840001	80340001	7	-0.413469927518025	-0.667007088198311	11800000
chr16	82100001	83600001	2	-1.90393587112939	-1.56612594535422	3260000
chr16	85360001	86940001	2	-0.0250636960007944	-0.0716790881932057	4480000
chr17	20001	20001	1	1.83021665098598	0.904188987666656	2220000
chr17	2360001	10400001	5	-0.593678446629434	-0.788052177620522	9620000
chr17	12100001	13820001	2	1.71453660412072	1.22278720189315	3440000
chr17	15880001	27360001	4	-0.202840523982962	-0.294041290442618	8060000
chr17	29760001	31720001	2	-2.10242769471699	-1.67003309741563	3240000
chr17	33140001	33140001	1	-0.572669109708888	-0.383531141323091	1880000
chr17	35380001	78760001	23	-0.24001936631714	-0.693511491526948	43480000
chr18	160001	2000001	2	-1.02112402721271	-1.15994629766784	3740000
chr18	3900001	7300001	3	0.844100786165983	0.991136527274845	5020000
chr18	8940001	21240001	5	-0.489277108267375	-0.900856309341506	8980000
chr18	22860001	26280001	3	1.03183226209806	1.23181784074209	5220000
chr18	28080001	41680001	9	-0.173230896123287	-0.475716275625361	15160000
chr18	43240001	44960001	2	1.32929545493833	1.30044978591762	3240000
chr18	46500001	51600001	4	0.0762994722600588	0.0219089152628553	6780000
chr18	53460001	58560001	4	-0.623403183351257	-1.01392033064583	6780000
chr18	60240001	65540001	4	1.03903510762085	1.44712821261413	7080000
chr18	67320001	69120001	2	0.387850784288429	0.31495472932475	3560000
chr18	70880001	75940001	4	0.0916911972698627	0.0446945925534608	7020000
chr19	280001	280001	1	0.94008484758731	0.537258632318203	2520000
chr19	3000001	5420001	2	0.420839674101654	0.336719287615833	4800000
chr19	7940001	10540001	2	0.0912724745267091	0.0657434717133866	5100000
chr19	13260001	39280001	7	-0.130069217021246	-0.209378372943667	15700000
chr19	41820001	54680001	6	0.0083460633384326	0.00258348636052871	15880000
chr20	80001	1920001	2	-1.34382678531037	-1.12864597885213	3640000
chr20	3760001	3760001	1	-0.440798550771425	-0.288312349321488	1940000
chr20	5700001	9000001	3	0.127372395809997	0.0924671623630899	4900000
chr20	10600001	37680001	14	0.470875891554112	0.979767563550494	24200000
chr20	39220001	47660001	6	-0.520137004373599	-0.768031236070869	10380000
chr20	49680001	53120001	3	1.50540219419982	1.4665705735059	5140000
chr20	54840001	59520001	4	-0.0227883032544182	-0.060781005474287	7940000
chr21	15420001	15420001	1	-0.145032261244736	-0.244482176894428	1760000
chr21	17220001	17220001	1	0.172209016674791	0.126560253420808	1940000
chr21	19160001	20960001	2	0.557068417214164	0.846565743618696	3620000
chr21	22780001	24680001	2	-0.268788001325453	-0.519442850149256	3700000
chr21	26480001	26480001	1	0.280671115197278	0.253416509002664	1740000
chr21	28220001	30180001	2	0.730069534468993	1.13271840599001	3500000
chr21	31920001	35580001	3	0.122900954519698	0.174117774885181	5220000
chr21	37160001	37160001	1	1.16948278966304	1.29296232709127	1860000
chr21	39020001	40600001	2	-0.0763848713184984	-0.201198270150578	3240000
chr21	42280001	42280001	1	0.701795183122746	0.745959278506136	1600000
chr21	44000001	45980001	2	1.58356072614139	2.54443632251526	4000000
chr22	17920001	17920001	1	1.23581146427118	0.978914222440564	1960000
chr22	20240001	20240001	1	0.163106546935399	0.115222662588888	2000000
chr22	23300001	23300001	1	0.0976079197594104	0.0624862477934061	1960000
chr22	25580001	27360001	2	0.0792985234353115	0.0741908593545719	3240000
chr22	28900001	34600001	4	0.041916362898711	0.0513951093376989	7300000
chr22	36280001	44280001	5	-0.574561210394126	-1.05052972920759	9560000
chr22	46020001	46020001	1	0.58001354532624	0.450896574336747	1700000
chr22	47720001	49240001	2	1.54600547677433	1.74426885085132	3420000
