chr1	860001	860001	1	4.13688828169043	1.16348218844644	1900000
chr1	3080001	6320001	3	-3.75469577146984	-1.93230254383177	4780000
chr1	8040001	22020001	8	-1.64387783596206	-1.39295567675419	14280000
chr1	23740001	31860001	5	0.367734178795821	0.199091830502623	9840000
chr1	33880001	53920001	12	-1.8508777487284	-1.90562368309357	21500000
chr1	55620001	57240001	2	-1.17518980693104	-0.523703626221849	3100000
chr1	58720001	61960001	3	-0.238082570142241	-0.160131250475107	5060000
chr1	63780001	94500001	18	0.0988210608875551	0.0818336495972748	31900000
chr1	96200001	96200001	1	-0.270653322408128	-0.11889826081121	1780000
chr1	97980001	115160001	10	-0.816954318430847	-0.791805758089017	18200000
chr1	116860001	147320001	4	1.22912270500327	0.675078676172983	7460000
chr1	151940001	165300001	8	-1.09325848634749	-0.939831817615418	14740000
chr1	167040001	203600001	21	-0.0789306447779665	-0.14539006527399	37860000
chr1	205320001	223260001	11	-0.933917185667879	-0.941359583975861	19080000
chr1	225300001	237960001	8	-0.118873834416972	-0.137976717395273	14180000
chr1	239680001	245620001	4	1.1653340218987	0.637959861448181	8660000
chr2	40001	141940001	74	-0.123193238145621	-0.359235069966947	129600000
chr2	143660001	150620001	5	-0.0096110371925332	-0.0504137217420532	8620000
chr2	152420001	192040001	23	1.13203820935741	1.57081038965816	41180000
chr2	193740001	205060001	7	0.358808741207305	0.238345835059685	12860000
chr2	206640001	206640001	1	-0.0490640802993066	-0.0586151339379258	1780000
chr2	208440001	240060001	19	-0.464923221056725	-0.646803491104012	34360000
chr3	120001	12260001	8	-1.2049753517343	-1.14059882164747	13720000
chr3	13940001	38780001	15	0.0599606563653551	0.0409693682345622	26460000
chr3	40560001	65380001	15	0.0840003747325618	0.0711885921500792	26460000
chr3	67200001	85380001	11	0.808585517877772	0.836019076181687	19460000
chr3	87220001	105060001	5	0.140887671018663	0.0678462867865493	9220000
chr3	106860001	112240001	4	0.0902976271264705	0.0242113775569429	7220000
chr3	114080001	139320001	15	-0.685759858728749	-0.896441581419667	26220000
chr3	140900001	157380001	10	1.28543325493904	1.28493893727078	18240000
chr3	159200001	186980001	16	0.297450634482767	0.351769729935433	29280000
chr3	188640001	193840001	4	-0.594261917483988	-0.420163529687756	8920000
chr4	60001	9940001	6	-0.820229447990282	-0.757791079762744	10160000
chr4	11560001	23700001	8	0.142493526554141	0.110522878188075	13760000
chr4	25340001	69200001	22	0.54416641505386	0.884221284785905	41140000
chr4	71780001	71780001	1	0.183197953446031	0.0313887521403999	1900000
chr4	73680001	114520001	23	-0.173445060986294	-0.333986065889476	42360000
chr4	116320001	127680001	7	0.395172069828518	0.341802383673474	12980000
chr4	129660001	150620001	12	1.14190720439113	1.38937458281812	22080000
chr4	152480001	188740001	21	0.178880404253382	0.260523035577907	38180000
chr5	40001	17200001	11	-0.571367523489508	-0.755897982056758	18680000
chr5	19220001	23560001	3	2.01000249655258	1.28837507504538	5700000
chr5	25520001	27420001	2	0.321156208108725	0.137332116025732	3820000
chr5	29340001	56480001	13	-0.632166306703042	-0.902018263664834	23740000
chr5	58200001	67120001	6	0.749401995742108	0.662605513989178	10800000
chr5	70940001	92720001	13	-0.630397275053346	-0.899593041489587	23400000
chr5	94540001	106020001	7	1.30913283300346	1.2816121328048	12920000
chr5	107720001	118560001	7	0.559452941158516	0.527442339372275	12660000
chr5	120420001	133120001	8	-0.626747635918579	-0.709395442510516	14500000
chr5	134920001	136500001	2	0.051289246156071	-0.00778176900463583	3420000
chr5	138340001	173180001	21	0.0606051980113331	0.0702387480588293	36300000
chr5	174820001	177000001	2	1.57598644416751	0.812084183824273	5140000
chr6	180001	22900001	14	-0.247971672146711	-0.393820545612824	24460000
chr6	24660001	30940001	4	2.15340340177204	1.51176075847982	8100000
chr6	33520001	37300001	3	-0.547568439786862	-0.401316475548622	5460000
chr6	38980001	49060001	7	-2.03767747449923	-2.01863409162108	11860000
chr6	50860001	67200001	7	-0.104572100630105	-0.156778948796097	12680000
chr6	69200001	84380001	9	-0.016707031940245	-0.0743069151149381	16960000
chr6	86220001	110420001	14	0.634279235455096	0.807883358797921	25880000
chr6	112340001	119640001	5	0.0697939288746284	0.000751353979051511	9100000
chr6	121500001	130340001	6	-0.0609804644973158	-0.110437212339399	10600000
chr6	132120001	149880001	11	-0.820384911282293	-1.04656313592733	19660000
chr6	151820001	155500001	3	0.300915303812406	0.133673314516968	5340000
chr6	157160001	167920001	7	1.07939261595356	0.983547298439227	13320000
chr7	60001	8560001	5	-0.740457883462391	-0.723192405011216	9540000
chr7	10380001	42420001	19	0.113768842262149	0.153588788241371	32920000
chr7	44260001	63460001	8	1.12115667783606	1.2437285895199	15720000
chr7	67240001	83060001	8	0.0554487405540642	0.0154167570562874	15040000
chr7	84880001	95840001	7	-1.06702325457481	-1.19889086174723	12820000
chr7	97900001	135680001	21	0.137486668891842	0.208249008656967	38400000
chr7	137440001	155940001	10	0.670179857798228	0.815116052408377	19840000
chr8	200001	5420001	4	0.540008729981551	0.428460808232207	6800000
chr8	8340001	8340001	1	-0.66151386417256	-0.289696438834045	1740000
chr8	10100001	24400001	9	-1.3034516045059	-1.62942466536812	15300000
chr8	26120001	27820001	2	-0.373568238346387	-0.234765059439705	3460000
chr8	29580001	33120001	3	-0.224628400276849	-0.17734754725873	5400000
chr8	34980001	36740001	2	-0.167538307322245	-0.114612349044186	3560000
chr8	38540001	55000001	7	0.830353044019253	0.88903408447852	13040000
chr8	56780001	65600001	6	0.0905040668014727	0.0745108384785035	10600000
chr8	67400001	69260001	2	-0.391919545501511	-0.245467190353541	3700000
chr8	71100001	96940001	15	-0.448285299369728	-0.73286659744683	27240000
chr8	98640001	109340001	7	-0.481606817811659	-0.542355410161997	12440000
chr8	111080001	143280001	20	-0.956581602001022	-1.78101566028861	34840000
chr9	220001	5520001	4	0.611711535281053	0.460308584120476	7220000
chr9	7460001	7460001	1	-0.17288953481412	-0.119555454657027	1660000
chr9	9120001	72800001	18	-0.459672677682583	-0.857651995470596	32740000
chr9	74560001	76380001	2	-0.062431413195254	-0.0844233186290892	3620000
chr9	78180001	81660001	3	1.58420147395267	1.09174312388352	5200000
chr9	83380001	98380001	9	-0.326770432460442	-0.454863495590251	16040000
chr9	100500001	100500001	1	-0.358450987071308	-0.196615858418317	1620000
chr9	102120001	121160001	12	-1.08793645344732	-1.61284153885138	20600000
chr9	122780001	129840001	5	0.968091783841888	0.851212224721551	9100000
chr9	131880001	137560001	4	-1.11323020124841	-0.97236727678439	8840000
chr10	140001	14000001	9	-0.40699128672277	-0.535114725592441	15540000
chr10	15800001	25400001	6	-1.46147041277738	-1.44063600210338	11020000
chr10	27320001	27320001	1	-0.775429777355209	-0.364080528735205	1940000
chr10	29300001	36780001	5	0.446538846243493	0.316887222569972	9760000
chr10	44040001	52280001	4	-1.35035312345402	-1.10315019075165	6520000
chr10	54100001	55960001	2	0.845243368124874	0.392458592978162	3760000
chr10	57920001	65020001	5	1.45240114578224	1.1802946996421	8860000
chr10	66860001	68720001	2	-0.543432107285316	-0.361431499559265	3960000
chr10	70860001	72540001	2	-2.47395325083055	-1.40948109021174	3280000
chr10	74140001	76340001	2	0.806157564038677	0.371239524173956	3820000
chr10	78040001	78040001	1	-3.964223009895	-1.58818541646641	1520000
chr10	79560001	83300001	3	-1.16052431989952	-0.838037268900299	5120000
chr10	85060001	85060001	1	-0.0365834340147302	-0.0804542932878043	1800000
chr10	86860001	96140001	6	0.461167290697631	0.367226314115529	10840000
chr10	98200001	98200001	1	-0.273584892354895	-0.171433739867522	1780000
chr10	99980001	101820001	2	-1.83386914695826	-1.06198948915391	3660000
chr10	103640001	105700001	2	1.85240536477645	0.93923101338946	3660000
chr10	107300001	109020001	2	-1.89116047867041	-1.09309205280602	3420000
chr10	110720001	114180001	3	0.717905467622257	0.410920823398558	5040000
chr10	115760001	115760001	1	-0.395967011990609	-0.218413440303497	1780000
chr10	117560001	124140001	5	-1.46548195258168	-1.32434443983561	8120000
chr10	125720001	125720001	1	-0.647839815412485	-0.315101656588286	1700000
chr10	127480001	132260001	4	0.084594035837342	-0.00146331221701191	7640000
chr11	200001	2280001	2	1.41722745619275	0.785793711824929	3860000
chr11	4560001	20140001	10	-0.4904124777946	-0.693641457676939	17200000
chr11	21840001	23700001	2	0.055720853504895	-0.0154801553334886	3780000
chr11	25620001	61500001	17	0.192309505856608	0.281694717210625	31240000
chr11	63760001	63760001	1	5.89609081680399	2.40536446808323	2140000
chr11	65900001	84580001	11	0.195971923189863	0.222207798029599	19760000
chr11	86440001	109660001	13	-0.0420507644946277	-0.111367535396521	23560000
chr11	111360001	126340001	10	-1.53209546489541	-2.06446577689723	16400000
chr11	127840001	132740001	4	-0.353346822281604	-0.342361067233961	7060000
chr12	180001	3620001	3	-1.45190792137727	-1.07046422827779	5040000
chr12	5220001	5220001	1	-0.304947733054393	-0.169228276123325	1760000
chr12	7020001	28240001	12	-0.167312271007839	-0.281234383454576	22080000
chr12	30000001	62300001	15	0.36217294483082	0.527198117364056	28740000
chr12	64340001	73240001	6	-1.18277080482421	-1.22642127017957	10840000
chr12	75200001	106080001	18	0.403804012418548	0.653831701757321	32480000
chr12	107740001	118260001	7	-1.95764483373675	-2.15719469227481	12200000
chr12	120020001	131200001	7	-0.474027408482156	-0.556345284450333	13520000
chr13	19520001	23860001	3	2.49729626724585	2.84279089572514	5880000
chr13	25920001	27600001	2	0.100942624843585	0.0393796441523703	3520000
chr13	29440001	29440001	1	1.40132857750806	0.882928001010764	1700000
chr13	31180001	43500001	8	1.86122589921077	3.47207896689535	13860000
chr13	45100001	46900001	2	0.125508738481729	0.0626649867005361	3580000
chr13	48740001	56380001	5	3.26566092227412	4.8379623416016	9280000
chr13	58380001	58380001	1	2.35887366147468	1.52471425031815	1800000
chr13	60180001	60180001	1	-0.260313721730088	-0.230773271937056	1760000
chr13	61940001	63800001	2	4.73838847930832	4.43504909599883	3780000
chr13	65820001	65820001	1	3.33906355584847	2.18167798649361	1820000
chr13	67640001	69460001	2	0.259151028203195	0.189339744495906	3700000
chr13	71340001	73040001	2	1.7381019801483	1.59118457983462	3440000
chr13	74780001	76520001	2	2.06833611551428	1.90420173331527	3460000
chr13	78240001	85520001	5	2.74311601664128	4.05482163765305	9140000
chr13	87560001	87560001	1	1.73366876669314	1.10567611708655	1840000
chr13	89400001	94820001	4	1.1346025538807	1.4646146834862	7220000
chr13	96620001	96620001	1	4.03138146469601	2.64569803263808	1680000
chr13	98300001	98300001	1	1.60537603157454	1.01968902920546	1760000
chr13	100060001	101860001	2	1.21455081646196	1.09492911315806	3500000
chr13	103560001	106920001	3	0.41932767830365	0.430493863164759	4980000
chr13	108540001	108540001	1	1.68600238568582	1.07372814054009	1720000
chr13	110260001	111980001	2	4.0571585315599	3.78933553621295	4420000
chr14	20440001	24400001	3	0.350377004496199	0.249324239878102	5700000
chr14	26300001	33680001	5	-1.58064503299445	-1.77973039787996	9080000
chr14	35520001	41260001	4	-0.566061704520314	-0.602706226869489	7640000
chr14	43220001	45160001	2	-0.469213983450701	-0.373135119574271	3940000
chr14	47160001	49020001	2	0.724752059141371	0.454166678782731	3840000
chr14	51000001	51000001	1	4.33590007662337	2.07638416297078	1740000
chr14	52780001	54620001	2	0.68891005273713	0.429331670669287	3640000
chr14	56420001	74620001	11	-0.309983510429875	-0.551738851197018	19900000
chr14	76420001	81380001	4	-2.00705787124107	-2.01475538583153	6720000
chr14	83140001	92000001	6	0.304623042898938	0.317575217538633	10720000
chr14	93880001	93880001	1	-0.232340375184735	-0.161852217140977	1580000
chr14	95460001	100100001	4	-1.10899799974239	-1.13473591351533	6280000
chr14	101740001	103700001	2	1.45318678056078	0.95890076125936	5120000
chr15	22780001	33000001	5	-1.50734250206756	-1.67856414737727	8800000
chr15	34680001	36620001	2	-0.907418811029984	-0.692623518805419	3420000
chr15	38320001	44140001	4	-0.511588228308331	-0.569757419280426	7600000
chr15	46380001	60720001	9	-0.400542744297755	-0.654052070332198	15740000
chr15	62200001	65940001	3	1.0896316209748	0.805053060492202	5480000
chr15	67680001	67680001	1	-1.18092391670307	-0.64427204378983	1680000
chr15	69360001	78420001	6	-1.9644230220195	-2.35939255688422	10400000
chr15	80180001	88380001	5	-0.88820489019057	-1.02460392650631	8620000
chr15	90000001	100280001	7	0.363676168001469	0.368066461168083	12300000
chr16	100001	2260001	2	2.10372878696836	1.62155330825948	4260000
chr16	4580001	25440001	11	-2.17061446739016	-4.10073889361658	19580000
chr16	27080001	80340001	22	-0.689520980969832	-1.87071995268268	38940000
chr16	82100001	82100001	1	-0.203466740641395	-0.166179269202134	1500000
chr16	83600001	86940001	3	1.07489133314427	0.995369179764523	6240000
chr17	20001	20001	1	-1.24562765413439	-0.744173448089169	2220000
chr17	2360001	4600001	2	0.022731074370516	-0.059406970170367	4020000
chr17	6500001	6500001	1	2.99769501445357	1.52984727462678	2120000
chr17	8620001	12100001	3	-2.20523822339792	-2.12357162149953	5200000
chr17	13820001	27360001	5	-0.105099979330462	-0.202578080502002	9780000
chr17	29760001	31720001	2	-3.31093043985309	-2.58593929909655	3240000
chr17	33140001	39660001	4	0.28866408155612	0.232758929856506	7940000
chr17	41840001	53820001	7	-0.640240215333248	-0.984413927713942	12780000
chr17	55480001	59640001	3	-0.0177924539987035	-0.0931497504378813	5860000
chr17	61780001	65900001	3	1.133240480681	0.97525728281526	5720000
chr17	67940001	71280001	3	-2.12026657920464	-2.04469959312577	4940000
chr17	72880001	76920001	3	-0.00914859282985558	-0.085126381349984	5760000
chr17	78760001	78760001	1	3.07892016508211	1.57337629425622	2360000
chr18	160001	160001	1	1.85618319452631	1.2828891151194	1840000
chr18	2000001	3900001	2	4.81889063265838	4.95332382553527	3620000
chr18	5640001	8940001	3	1.61741415244659	1.98256364834822	5080000
chr18	10780001	10780001	1	2.64516832365013	1.86688995088833	1840000
chr18	12720001	24560001	5	3.36464675453563	5.47785260060378	8780000
chr18	26280001	26280001	1	2.46970894323192	1.7370162422146	1800000
chr18	28080001	29900001	2	-0.0526284665995025	-0.146134634516592	3520000
chr18	31600001	75940001	27	2.17266073111746	8.26534146685089	46100000
chr19	280001	280001	1	1.67852331480847	0.966583322563064	2520000
chr19	3000001	3000001	1	0.455165299619386	0.25532866256941	2420000
chr19	5420001	5420001	1	0.843642904242758	0.481187735024859	2380000
chr19	7940001	7940001	1	1.11758913221399	0.640458797798831	2460000
chr19	10540001	10540001	1	2.12206552066524	1.22445669806119	2640000
chr19	13260001	18060001	3	0.12829804628323	0.119894613182777	6940000
chr19	32700001	32700001	1	-1.54808220337026	-0.909350118238523	1880000
chr19	34620001	34620001	1	-0.168408991792732	-0.107214530112053	2160000
chr19	36860001	36860001	1	-0.0161532050005717	-0.0186937238375417	2300000
chr19	39280001	39280001	1	0.00875211741503578	-0.00421388522381641	2420000
chr19	41820001	41820001	1	1.1055664128814	0.633468844698488	2120000
chr19	44580001	49500001	3	0.449021357540378	0.44286500287412	7000000
chr19	51820001	51820001	1	0.759247590577469	0.432120692196203	2500000
chr19	54680001	54680001	1	1.60368539926439	0.923072906549064	4260000
chr20	80001	3760001	3	-0.164176720972114	-0.198251250514543	5580000
chr20	5700001	12160001	5	-1.31555937046261	-1.72808300563686	8180000
chr20	13880001	15600001	2	-0.059069194768574	-0.082634689902231	3340000
chr20	17220001	20580001	3	1.35793512743895	1.31952368112077	5040000
chr20	22280001	31840001	4	-0.61901385842006	-0.747281356845205	7300000
chr20	33900001	40800001	5	-1.48878925988797	-1.95108462249919	8420000
chr20	42400001	44140001	2	-0.698730087651022	-0.603427499363394	3400000
chr20	45820001	47660001	2	0.938458330975869	0.729522452152039	3800000
chr20	49680001	59520001	7	-0.755199461908697	-1.18484166175026	13080000
chr21	15420001	39020001	14	3.65284779164233	15.9107659910636	24900000
chr21	40600001	40600001	1	1.31564635330983	1.46391386352027	1680000
chr21	42280001	45980001	3	3.6836281688267	7.3874048474851	5600000
chr22	17920001	17920001	1	0.464180426413443	0.3576331935696	1960000
chr22	20240001	27360001	4	-2.36387792592037	-3.82266976798771	7200000
chr22	28900001	32980001	3	-1.37036001320084	-1.92716036032577	5620000
chr22	34600001	36280001	2	-1.33773864965838	-1.53933022645535	3480000
chr22	38080001	40200001	2	1.66645892033164	1.88142415963818	4160000
chr22	42340001	42340001	1	-1.6225760479069	-1.32252499831473	1860000
chr22	44280001	46020001	2	-1.92471474831832	-2.20769541124902	3440000
chr22	47720001	47720001	1	-4.52663294430128	-3.6607350598239	1520000
chr22	49240001	49240001	1	0.423775084733996	0.325100712346213	1900000
