chrom	loc.start	loc.end	num.mark	seg.mean	FusedLasso	Effective
chr1	860001	20120001	11	0.395083877685968	0.341095427117551	19280000
chr1	22020001	31860001	6	-0.051417115191977	-0.0767953727862231	11520000
chr1	33880001	70780001	22	-0.676180499185424	-0.962923383725513	38420000
chr1	72540001	159820001	33	0.0314338225037956	0.0123868381126595	60320000
chr1	161980001	165300001	3	-0.245418310579647	-0.163828042779071	5020000
chr1	167040001	198160001	18	-0.641822402012778	-0.832418340612174	32640000
chr1	199920001	203600001	3	-0.333067380628126	-0.207998145356938	5220000
chr1	205320001	227260001	13	0.333656435360627	0.309867729438835	22880000
chr1	229180001	245620001	10	-0.484600017934509	-0.486016820143001	19040000
chr2	40001	22140001	14	0.486841699575554	0.497797394826429	23260000
chr2	23740001	77760001	31	0.0892945026705896	0.103858045736448	55580000
chr2	79640001	83100001	3	-0.125553779821556	-0.10870479647033	5260000
chr2	84900001	86760001	2	-0.142380343946098	-0.103913210417584	3780000
chr2	97420001	136700001	21	-0.202809867738595	-0.320461502259398	36480000
chr2	138420001	165080001	16	-0.525076871395522	-0.668741072451543	28140000
chr2	166800001	179220001	8	-0.099530822783904	-0.127756002055413	14120000
chr2	180960001	201140001	12	0.497258179003848	0.468338150216445	22020000
chr2	203020001	231380001	17	-0.438178112349781	-0.581396383120735	30240000
chr2	233360001	240060001	5	0.361973414070024	0.196727293250521	9520000
chr3	120001	12260001	8	-0.483622053053372	-0.478380309309184	13720000
chr3	13940001	35340001	13	0.341690409938407	0.365460010830002	22940000
chr3	37020001	37020001	1	-0.0483866596690741	-0.0501092696102155	1760000
chr3	38780001	45820001	5	-0.213685071752887	-0.189488590138389	8900000
chr3	47680001	60520001	8	-1.25210807492503	-1.18386771899762	14440000
chr3	62180001	73940001	8	-0.00238287426054311	-0.0365919461841544	13400000
chr3	76260001	128220001	24	0.220976218496083	0.316961363586608	43080000
chr3	130360001	146400001	10	-0.578181502138729	-0.627838509489095	17860000
chr3	148220001	170400001	13	0.393518296272224	0.426111780280017	23740000
chr3	172160001	193840001	13	-0.620647635345318	-0.760719530422922	25380000
chr4	60001	4320001	3	1.39803047308693	0.83709856368471	5400000
chr4	5900001	55700001	26	0.460867440466169	0.81136503675902	46100000
chr4	57560001	61540001	3	0.326384281694936	0.168939581960944	5680000
chr4	63380001	65400001	2	-0.0552111844866025	-0.0626639330077884	3920000
chr4	67320001	79320001	7	-0.224934168631379	-0.248783251101402	13140000
chr4	81100001	120440001	22	-0.478459698515928	-0.842395576083325	40620000
chr4	122220001	131520001	6	0.0610504646008795	0.0192737533592519	11260000
chr4	133800001	176240001	24	0.167373099407564	0.260603808651301	43700000
chr4	178020001	188740001	7	0.812976991631016	0.739717401538196	12780000
chr5	40001	27420001	16	0.450557158755715	0.649896819400327	28200000
chr5	29340001	44460001	9	0.0344428231654172	0.00392717471340369	16560000
chr5	51000001	104120001	29	-0.222119091289674	-0.490170309279789	52600000
chr5	106020001	115000001	6	1.12990831706288	1.01699575396613	10680000
chr5	116740001	145700001	17	-0.576590602181101	-0.939294279669648	30540000
chr5	147340001	166640001	12	0.261055048672061	0.308487154275572	20780000
chr5	168240001	177000001	6	-0.585223047897875	-0.580417434625914	11720000
chr6	180001	30940001	18	0.162622194582551	0.195102853791248	32560000
chr6	33520001	49060001	10	-0.99104033740035	-1.19692199464392	17320000
chr6	50860001	52560001	2	0.115416434451041	0.0033576581439418	3500000
chr6	54420001	102940001	24	0.480709688369688	0.801232945699344	44560000
chr6	104880001	167920001	36	-0.0704473236559126	-0.209932268633227	65480000
chr7	60001	28120001	16	-0.0128616841008126	-0.0694566978008355	28760000
chr7	29660001	46200001	10	0.17249141854596	0.173783928051607	17180000
chr7	47860001	49640001	2	0.521428482002371	0.252001316648479	3400000
chr7	51360001	63460001	4	2.28035338280083	1.80998645705039	8860000
chr7	67240001	108620001	21	0.402484436580162	0.703103258626832	39740000
chr7	110520001	155940001	25	-0.3282045886659	-0.717205763377955	46360000
chr8	200001	3740001	3	0.17522095893741	0.10824396017754	5080000
chr8	5420001	10100001	3	-1.86725086007631	-1.35058695263046	5020000
chr8	11660001	11660001	1	-0.941439087740422	-0.4051295207177	1800000
chr8	14180001	17760001	3	1.25144123991499	0.876931880502994	5280000
chr8	19460001	21040001	2	-0.740720328103122	-0.448881127393354	3220000
chr8	22680001	22680001	1	0.370846606128771	0.136019219022174	1720000
chr8	24400001	26120001	2	1.43413529808478	0.819453026321431	3420000
chr8	27820001	29580001	2	-0.850677550658605	-0.513006073957824	3620000
chr8	31440001	34980001	3	0.693320831041735	0.478295631055737	5300000
chr8	36740001	60320001	11	-0.305418803880815	-0.434622505728579	20140000
chr8	62100001	71100001	6	0.765211866602246	0.756032419916772	10800000
chr8	72900001	72900001	1	-2.50287463589029	-1.04902046840837	1760000
chr8	74660001	74660001	1	0.222582853599372	0.074879527257473	1880000
chr8	76540001	76540001	1	2.02543253915004	0.818322696556718	1820000
chr8	78360001	78360001	1	0.191331441467283	0.0619923469968177	1820000
chr8	80180001	87820001	5	0.172304233165212	0.141972774502428	9220000
chr8	89700001	93400001	3	-0.100005645040329	-0.088336024022082	5420000
chr8	95120001	98640001	3	-1.06999458571651	-0.781148447952415	5460000
chr8	100580001	109340001	6	-0.46453046848867	-0.486128914545675	10500000
chr8	111080001	112920001	2	0.918468336914568	0.518725929350451	3660000
chr8	114740001	116600001	2	-2.2557694506352	-1.33242876316504	3540000
chr8	118280001	118280001	1	1.25190963217816	0.499344178217798	1620000
chr8	119900001	123420001	3	-0.455597543537603	-0.34231673946833	5220000
chr8	125120001	125120001	1	-0.662734783865059	-0.290199910872189	1780000
chr8	126900001	128580001	2	-2.37479612173372	-1.40184283844406	3300000
chr8	130200001	133520001	3	-0.721983548957015	-0.532582345988636	4900000
chr8	135100001	135100001	1	-0.52136741670476	-0.231904089362788	1560000
chr8	136660001	141560001	4	-0.221010532362425	-0.199183944216433	6540000
chr8	143280001	143280001	1	1.15428981884645	0.45908858509132	2720000
chr9	220001	19820001	12	0.269193821844963	0.339499482158738	21320000
chr9	21620001	35160001	8	0.883893177110665	0.990459899301451	15140000
chr9	37040001	88960001	12	-0.224104254333327	-0.370149464034601	21040000
chr9	90720001	102120001	7	0.8792495512487	0.918303842595183	12420000
chr9	103920001	105720001	2	-0.0108629672150895	-0.0541372739049808	3660000
chr9	107580001	114440001	5	-0.218704890690049	-0.250846761874838	8780000
chr9	116400001	124540001	6	-0.982102286643876	-1.04678134447595	9860000
chr9	126280001	131880001	4	-0.218126879470809	-0.228925979626918	7540000
chr9	134000001	137560001	3	0.885254240205147	0.588997226599293	6900000
chr10	140001	23620001	14	0.327017015985522	0.403295828584645	24640000
chr10	25400001	132260001	56	-0.0891546601148431	-0.322522988548194	99900000
chr11	200001	21840001	13	-0.237623452429454	-0.404812127335487	22920000
chr11	23700001	37780001	9	0.131342188981038	0.115699778170251	16000000
chr11	39700001	43360001	3	0.216360111898081	0.10767653205941	5280000
chr11	45000001	65900001	8	0.888879677849686	0.997973945678613	16180000
chr11	68320001	77760001	6	-0.107728239977895	-0.158085401096104	10540000
chr11	79360001	132740001	31	-0.228162386553693	-0.576926510525134	54120000
chr12	180001	5220001	4	-0.893747621901018	-0.773856135318938	6800000
chr12	7020001	22920001	9	0.0142449237098196	-0.0274328013338259	16740000
chr12	24620001	41140001	7	1.2372700573665	1.29017490881663	13060000
chr12	42940001	42940001	1	0.331596136776864	0.0903736283755563	1780000
chr12	44720001	86120001	23	0.211637015579711	0.369076456287521	42920000
chr12	88080001	113340001	15	-0.238282245999004	-0.421232940640718	26760000
chr12	114920001	124560001	6	0.118745109848724	0.0737622057830795	11160000
chr12	126240001	131200001	4	1.11016333166972	0.860655246060134	7460000
chr13	19520001	27600001	5	0.0797493554118436	0.06322049588651	9420000
chr13	29440001	43500001	9	0.847460356115915	1.64770849084969	15560000
chr13	45100001	60180001	9	-0.049411756383078	-0.155653665649621	16420000
chr13	61940001	63800001	2	2.06109193011865	1.89733522846618	3780000
chr13	65820001	78240001	8	-0.350735599497039	-0.721199787688701	14140000
chr13	79960001	79960001	1	0.155760363550432	0.0480967584118177	1840000
chr13	81820001	83700001	2	0.307555386907597	0.235220508944792	3700000
chr13	85520001	91240001	4	1.50223631314659	1.95742133129569	7360000
chr13	93040001	94820001	2	0.650099326119493	0.559905686251874	3580000
chr13	96620001	111980001	10	0.299531357997874	0.578553164823441	18060000
chr14	20440001	30020001	6	1.0024455483694	1.15506128781455	11180000
chr14	31880001	35520001	3	-1.36105568970246	-1.20304635301096	5480000
chr14	37400001	45160001	5	1.02978952421683	1.08019567793532	9700000
chr14	47160001	52780001	4	0.0640469054116375	0.014744640285779	7420000
chr14	54620001	81380001	16	-0.767291136517706	-1.55177096818757	28420000
chr14	83140001	97060001	9	-0.434335460812196	-0.686431348572557	15400000
chr14	98560001	103700001	4	0.691441416377106	0.62953592981588	8300000
chr15	22780001	51720001	15	0.430129805042842	0.70046555108095	26920000
chr15	53540001	100280001	27	-0.359886258224176	-0.969779807543872	47140000
chr16	100001	8120001	5	0.708378160836369	0.839134826437796	9480000
chr16	9980001	9980001	1	0.051242536270369	-0.0229232079469241	1820000
chr16	11800001	27080001	8	-0.355002777427041	-0.61647890046956	14520000
chr16	30020001	48880001	3	0.599428237391393	0.532193567296598	5880000
chr16	50480001	55340001	4	1.37469955531787	1.49460017471077	6520000
chr16	57060001	69840001	8	0.286776661793332	0.404458317750521	14260000
chr16	71660001	73460001	2	0.147528057842724	0.0655996514239277	3660000
chr16	75440001	86940001	8	-0.342993135127164	-0.597374064676832	14400000
chr17	20001	12100001	7	-0.653034423373689	-1.00255449186026	13560000
chr17	13820001	29760001	6	0.598178510354203	0.708591707109294	11600000
chr17	31720001	53820001	12	-0.659907189837069	-1.30170716085509	22140000
chr17	55480001	65900001	6	0.369318701302643	0.40816847302188	11580000
chr17	67940001	76920001	6	-1.13448773372171	-1.56587141857699	10700000
chr17	78760001	78760001	1	2.0581046946773	1.0263154848217	2360000
chr18	160001	3900001	3	-0.711744036404919	-1.00353577574942	5460000
chr18	5640001	8940001	3	-0.0478927686885847	-0.1524446400324	5080000
chr18	10780001	12720001	2	1.03140042291374	0.988616185286417	3760000
chr18	19420001	21240001	2	-0.728913043991637	-0.85406270362963	3440000
chr18	22860001	22860001	1	2.33717505494816	1.63891565873291	1700000
chr18	24560001	28080001	3	-0.136890436706579	-0.266544183157725	5340000
chr18	29900001	31600001	2	1.20633839754607	1.17173954302078	3460000
chr18	33360001	33360001	1	0.380761628780517	0.190793211532581	1700000
chr18	35060001	35060001	1	0.273898178621022	0.111693692539617	1540000
chr18	36600001	41680001	4	-0.138504449014845	-0.2960835662692	6640000
chr18	43240001	44960001	2	0.749799868165575	0.693839483808523	3240000
chr18	46500001	48200001	2	1.64422466316072	1.63011459528514	3400000
chr18	49900001	56820001	5	0.188250093113243	0.220532942244172	8480000
chr18	58560001	58560001	1	-1.56172971841983	-1.24702421792734	1680000
chr18	60240001	60240001	1	3.21445474221957	2.28827145982204	1760000
chr18	62000001	63760001	2	-0.376706740435763	-0.485376596122589	3540000
chr18	65540001	67320001	2	1.01495809215245	0.9714045145539	3580000
chr18	69120001	74160001	4	1.17452831881283	1.64771031652528	6700000
chr18	75940001	75940001	1	2.29218558987003	1.60561479635087	2080000
chr19	280001	7940001	4	0.467380689414136	0.534163592342018	9780000
chr19	10540001	13260001	2	0.302116610433291	0.239103144123808	4980000
chr19	15680001	18060001	2	0.297913379401664	0.23564717532688	4600000
chr19	32700001	41820001	5	0.167078424874027	0.2079062299953	10880000
chr19	44580001	49500001	3	-0.183262558581631	-0.193848873597937	7000000
chr19	51820001	51820001	1	0.41902905102395	0.234319215711599	2500000
chr19	54680001	54680001	1	1.4251791221323	0.819290187286221	4260000
chr20	80001	12160001	8	-0.00643847172408737	-0.0450263374014508	13760000
chr20	13880001	24060001	7	1.1799585977645	1.76273863387298	11720000
chr20	29940001	33900001	3	0.0319047388159664	-0.00272848092603993	6000000
chr20	36020001	45820001	7	-0.603486944606973	-0.953757268223524	11560000
chr20	47660001	59520001	8	0.273524440889785	0.410848559524297	15100000
chr21	15420001	15420001	1	0.757496612608601	0.811107149249826	1760000
chr21	17220001	28220001	7	0.00811986976871137	-0.049727302823109	12760000
chr21	30180001	33680001	3	0.359735004123017	0.65389392327727	5380000
chr21	35580001	35580001	1	0.499773887297371	0.509677061166516	1580000
chr21	37160001	37160001	1	1.73360917846857	1.95275927306266	1860000
chr21	39020001	40600001	2	-0.436964326972966	-0.797615061378246	3240000
chr21	42280001	45980001	3	0.655281138109511	1.25260844964588	5600000
chr22	17920001	20240001	2	1.44904286069664	1.63386156687367	3960000
chr22	23300001	36280001	8	-0.506594782866693	-1.16977973036639	14300000
chr22	38080001	40200001	2	1.88394047040071	2.12906132362659	4160000
chr22	42340001	44280001	2	-1.41031201826979	-1.62196649228253	3600000
chr22	46020001	49240001	3	1.93760421981408	2.68601365030422	5120000
