##Chromosome	MAQP	Length	ReadsNums
chr1	6	7	213
chr1	6	8	276
chr1	6	9	266
chr1	6	10	309
chr1	6	11	415
chr1	6	12	435
chr1	6	13	549
chr1	6	14	547
chr1	6	15	688
chr1	6	16	742
chr1	6	17	805
chr1	6	18	1069
chr1	6	19	1126
chr1	6	20	1432
chr1	6	21	1596
chr1	6	22	1999
chr1	6	23	2117
chr1	6	24	3384
chr1	6	25	2879
chr1	6	26	5139
chr1	6	27	5811
chr1	6	28	8781
chr1	6	29	9932
chr1	6	30	11382
chr1	6	31	13774
chr1	6	32	19026
chr1	6	33	23377
chr1	6	34	19175
chr1	6	35	15182
chr1	6	36	9931
chr1	6	37	6715
chr1	6	38	4618
chr1	6	39	3134
chr1	6	40	2311
chr1	6	41	1547
chr1	6	42	1119
chr1	6	43	753
chr1	6	44	593
chr1	6	45	445
chr1	6	46	328
chr1	6	47	265
chr1	6	48	246
chr1	6	49	234
chr1	6	50	196
chr1	6	51	258
chr1	6	52	269
chr1	6	53	278
chr1	6	54	350
chr1	6	55	389
chr1	6	56	396
chr1	6	57	457
chr1	6	58	348
chr1	6	59	289
chr1	6	60	195
chr1	6	61	148
chr1	6	62	73
chr1	6	63	38
chr1	6	64	18
chr1	6	65	5
chr1	6	66	2
chr1	6	67	2
chr2	6	7	207
chr2	6	8	284
chr2	6	9	261
chr2	6	10	304
chr2	6	11	395
chr2	6	12	430
chr2	6	13	512
chr2	6	14	555
chr2	6	15	691
chr2	6	16	812
chr2	6	17	892
chr2	6	18	1159
chr2	6	19	1133
chr2	6	20	1472
chr2	6	21	1583
chr2	6	22	2076
chr2	6	23	2254
chr2	6	24	3350
chr2	6	25	2973
chr2	6	26	5225
chr2	6	27	6238
chr2	6	28	9084
chr2	6	29	10081
chr2	6	30	11888
chr2	6	31	14339
chr2	6	32	19967
chr2	6	33	25000
chr2	6	34	20367
chr2	6	35	16160
chr2	6	36	10649
chr2	6	37	7263
chr2	6	38	5003
chr2	6	39	3333
chr2	6	40	2352
chr2	6	41	1677
chr2	6	42	1224
chr2	6	43	878
chr2	6	44	602
chr2	6	45	468
chr2	6	46	365
chr2	6	47	274
chr2	6	48	241
chr2	6	49	230
chr2	6	50	212
chr2	6	51	228
chr2	6	52	277
chr2	6	53	282
chr2	6	54	345
chr2	6	55	414
chr2	6	56	420
chr2	6	57	431
chr2	6	58	351
chr2	6	59	320
chr2	6	60	219
chr2	6	61	155
chr2	6	62	80
chr2	6	63	43
chr2	6	64	27
chr2	6	65	11
chr2	6	66	6
chr2	6	67	1
chr3	6	7	189
chr3	6	8	227
chr3	6	9	234
chr3	6	10	278
chr3	6	11	331
chr3	6	12	384
chr3	6	13	380
chr3	6	14	482
chr3	6	15	571
chr3	6	16	609
chr3	6	17	692
chr3	6	18	874
chr3	6	19	942
chr3	6	20	1324
chr3	6	21	1345
chr3	6	22	1630
chr3	6	23	1838
chr3	6	24	2775
chr3	6	25	2351
chr3	6	26	4194
chr3	6	27	4878
chr3	6	28	7578
chr3	6	29	8282
chr3	6	30	9814
chr3	6	31	11766
chr3	6	32	16161
chr3	6	33	20461
chr3	6	34	16951
chr3	6	35	13130
chr3	6	36	8489
chr3	6	37	6020
chr3	6	38	4034
chr3	6	39	2709
chr3	6	40	1978
chr3	6	41	1372
chr3	6	42	976
chr3	6	43	703
chr3	6	44	526
chr3	6	45	353
chr3	6	46	293
chr3	6	47	250
chr3	6	48	210
chr3	6	49	175
chr3	6	50	192
chr3	6	51	195
chr3	6	52	225
chr3	6	53	262
chr3	6	54	316
chr3	6	55	352
chr3	6	56	336
chr3	6	57	340
chr3	6	58	283
chr3	6	59	256
chr3	6	60	186
chr3	6	61	128
chr3	6	62	77
chr3	6	63	39
chr3	6	64	20
chr3	6	65	8
chr3	6	66	4
chr3	6	67	1
chr4	6	7	143
chr4	6	8	183
chr4	6	9	212
chr4	6	10	215
chr4	6	11	266
chr4	6	12	302
chr4	6	13	394
chr4	6	14	381
chr4	6	15	523
chr4	6	16	564
chr4	6	17	662
chr4	6	18	871
chr4	6	19	840
chr4	6	20	1140
chr4	6	21	1190
chr4	6	22	1494
chr4	6	23	1594
chr4	6	24	2416
chr4	6	25	2253
chr4	6	26	3857
chr4	6	27	4499
chr4	6	28	6708
chr4	6	29	7493
chr4	6	30	9046
chr4	6	31	10471
chr4	6	32	14747
chr4	6	33	18526
chr4	6	34	15441
chr4	6	35	12154
chr4	6	36	7780
chr4	6	37	5502
chr4	6	38	3698
chr4	6	39	2469
chr4	6	40	1826
chr4	6	41	1240
chr4	6	42	957
chr4	6	43	625
chr4	6	44	429
chr4	6	45	351
chr4	6	46	262
chr4	6	47	212
chr4	6	48	159
chr4	6	49	180
chr4	6	50	176
chr4	6	51	177
chr4	6	52	168
chr4	6	53	217
chr4	6	54	253
chr4	6	55	278
chr4	6	56	302
chr4	6	57	282
chr4	6	58	251
chr4	6	59	208
chr4	6	60	146
chr4	6	61	123
chr4	6	62	61
chr4	6	63	33
chr4	6	64	12
chr4	6	65	3
chr4	6	66	2
chr5	6	7	166
chr5	6	8	184
chr5	6	9	201
chr5	6	10	224
chr5	6	11	290
chr5	6	12	322
chr5	6	13	359
chr5	6	14	414
chr5	6	15	508
chr5	6	16	558
chr5	6	17	609
chr5	6	18	809
chr5	6	19	822
chr5	6	20	1068
chr5	6	21	1163
chr5	6	22	1475
chr5	6	23	1620
chr5	6	24	2438
chr5	6	25	2249
chr5	6	26	3769
chr5	6	27	4487
chr5	6	28	6509
chr5	6	29	7392
chr5	6	30	8921
chr5	6	31	10484
chr5	6	32	14585
chr5	6	33	18200
chr5	6	34	14973
chr5	6	35	11988
chr5	6	36	7760
chr5	6	37	5385
chr5	6	38	3696
chr5	6	39	2467
chr5	6	40	1799
chr5	6	41	1240
chr5	6	42	893
chr5	6	43	631
chr5	6	44	464
chr5	6	45	315
chr5	6	46	279
chr5	6	47	189
chr5	6	48	183
chr5	6	49	182
chr5	6	50	177
chr5	6	51	170
chr5	6	52	189
chr5	6	53	243
chr5	6	54	234
chr5	6	55	295
chr5	6	56	311
chr5	6	57	289
chr5	6	58	270
chr5	6	59	211
chr5	6	60	156
chr5	6	61	117
chr5	6	62	56
chr5	6	63	35
chr5	6	64	14
chr5	6	65	7
chr5	6	66	2
chr5	6	67	1
chr6	6	7	164
chr6	6	8	167
chr6	6	9	179
chr6	6	10	201
chr6	6	11	256
chr6	6	12	281
chr6	6	13	355
chr6	6	14	407
chr6	6	15	483
chr6	6	16	550
chr6	6	17	634
chr6	6	18	819
chr6	6	19	821
chr6	6	20	1018
chr6	6	21	1091
chr6	6	22	1393
chr6	6	23	1547
chr6	6	24	2319
chr6	6	25	2068
chr6	6	26	3623
chr6	6	27	4192
chr6	6	28	6407
chr6	6	29	7037
chr6	6	30	8509
chr6	6	31	9691
chr6	6	32	13522
chr6	6	33	17099
chr6	6	34	14114
chr6	6	35	11251
chr6	6	36	7260
chr6	6	37	5169
chr6	6	38	3401
chr6	6	39	2363
chr6	6	40	1598
chr6	6	41	1201
chr6	6	42	869
chr6	6	43	593
chr6	6	44	464
chr6	6	45	323
chr6	6	46	244
chr6	6	47	204
chr6	6	48	185
chr6	6	49	146
chr6	6	50	146
chr6	6	51	192
chr6	6	52	186
chr6	6	53	242
chr6	6	54	255
chr6	6	55	302
chr6	6	56	315
chr6	6	57	301
chr6	6	58	250
chr6	6	59	217
chr6	6	60	164
chr6	6	61	97
chr6	6	62	46
chr6	6	63	30
chr6	6	64	13
chr6	6	65	4
chr6	6	66	1
chr7	6	7	124
chr7	6	8	169
chr7	6	9	169
chr7	6	10	210
chr7	6	11	237
chr7	6	12	273
chr7	6	13	324
chr7	6	14	325
chr7	6	15	436
chr7	6	16	511
chr7	6	17	525
chr7	6	18	729
chr7	6	19	683
chr7	6	20	910
chr7	6	21	992
chr7	6	22	1300
chr7	6	23	1377
chr7	6	24	2105
chr7	6	25	1834
chr7	6	26	3224
chr7	6	27	3677
chr7	6	28	5601
chr7	6	29	6245
chr7	6	30	7176
chr7	6	31	8839
chr7	6	32	11834
chr7	6	33	15191
chr7	6	34	12475
chr7	6	35	9941
chr7	6	36	6559
chr7	6	37	4461
chr7	6	38	2901
chr7	6	39	2038
chr7	6	40	1556
chr7	6	41	984
chr7	6	42	711
chr7	6	43	529
chr7	6	44	415
chr7	6	45	248
chr7	6	46	219
chr7	6	47	166
chr7	6	48	159
chr7	6	49	153
chr7	6	50	151
chr7	6	51	123
chr7	6	52	141
chr7	6	53	224
chr7	6	54	207
chr7	6	55	254
chr7	6	56	244
chr7	6	57	225
chr7	6	58	219
chr7	6	59	166
chr7	6	60	143
chr7	6	61	68
chr7	6	62	45
chr7	6	63	25
chr7	6	64	19
chr7	6	65	5
chr7	6	66	4
chr7	6	67	2
chr8	6	7	132
chr8	6	8	136
chr8	6	9	193
chr8	6	10	202
chr8	6	11	219
chr8	6	12	267
chr8	6	13	304
chr8	6	14	327
chr8	6	15	396
chr8	6	16	491
chr8	6	17	494
chr8	6	18	719
chr8	6	19	694
chr8	6	20	974
chr8	6	21	979
chr8	6	22	1236
chr8	6	23	1342
chr8	6	24	2030
chr8	6	25	1820
chr8	6	26	3124
chr8	6	27	3638
chr8	6	28	5430
chr8	6	29	6233
chr8	6	30	7145
chr8	6	31	8478
chr8	6	32	12114
chr8	6	33	15029
chr8	6	34	12505
chr8	6	35	9986
chr8	6	36	6248
chr8	6	37	4362
chr8	6	38	3012
chr8	6	39	2047
chr8	6	40	1516
chr8	6	41	1005
chr8	6	42	753
chr8	6	43	486
chr8	6	44	401
chr8	6	45	249
chr8	6	46	207
chr8	6	47	174
chr8	6	48	172
chr8	6	49	119
chr8	6	50	152
chr8	6	51	132
chr8	6	52	167
chr8	6	53	178
chr8	6	54	224
chr8	6	55	234
chr8	6	56	243
chr8	6	57	260
chr8	6	58	204
chr8	6	59	162
chr8	6	60	117
chr8	6	61	74
chr8	6	62	41
chr8	6	63	29
chr8	6	64	4
chr8	6	65	6
chr8	6	66	3
chr8	6	67	2
chr9	6	7	103
chr9	6	8	127
chr9	6	9	153
chr9	6	10	157
chr9	6	11	195
chr9	6	12	193
chr9	6	13	255
chr9	6	14	243
chr9	6	15	334
chr9	6	16	407
chr9	6	17	453
chr9	6	18	490
chr9	6	19	569
chr9	6	20	707
chr9	6	21	792
chr9	6	22	934
chr9	6	23	1101
chr9	6	24	1615
chr9	6	25	1464
chr9	6	26	2467
chr9	6	27	2998
chr9	6	28	4308
chr9	6	29	4771
chr9	6	30	5655
chr9	6	31	6768
chr9	6	32	9484
chr9	6	33	11669
chr9	6	34	9612
chr9	6	35	7676
chr9	6	36	5028
chr9	6	37	3516
chr9	6	38	2203
chr9	6	39	1552
chr9	6	40	1124
chr9	6	41	821
chr9	6	42	555
chr9	6	43	395
chr9	6	44	263
chr9	6	45	211
chr9	6	46	145
chr9	6	47	152
chr9	6	48	118
chr9	6	49	107
chr9	6	50	107
chr9	6	51	123
chr9	6	52	132
chr9	6	53	156
chr9	6	54	183
chr9	6	55	170
chr9	6	56	212
chr9	6	57	208
chr9	6	58	179
chr9	6	59	142
chr9	6	60	108
chr9	6	61	71
chr9	6	62	42
chr9	6	63	25
chr9	6	64	8
chr9	6	65	3
chr9	6	66	1
chr9	6	71	1
chr10	6	7	118
chr10	6	8	148
chr10	6	9	181
chr10	6	10	188
chr10	6	11	242
chr10	6	12	269
chr10	6	13	303
chr10	6	14	337
chr10	6	15	390
chr10	6	16	452
chr10	6	17	496
chr10	6	18	683
chr10	6	19	662
chr10	6	20	779
chr10	6	21	893
chr10	6	22	1175
chr10	6	23	1211
chr10	6	24	1849
chr10	6	25	1652
chr10	6	26	2917
chr10	6	27	3498
chr10	6	28	5154
chr10	6	29	5817
chr10	6	30	6710
chr10	6	31	8163
chr10	6	32	11220
chr10	6	33	14000
chr10	6	34	11435
chr10	6	35	9028
chr10	6	36	5851
chr10	6	37	4110
chr10	6	38	2783
chr10	6	39	1920
chr10	6	40	1363
chr10	6	41	950
chr10	6	42	679
chr10	6	43	445
chr10	6	44	346
chr10	6	45	240
chr10	6	46	191
chr10	6	47	153
chr10	6	48	149
chr10	6	49	128
chr10	6	50	131
chr10	6	51	136
chr10	6	52	163
chr10	6	53	177
chr10	6	54	186
chr10	6	55	222
chr10	6	56	212
chr10	6	57	216
chr10	6	58	188
chr10	6	59	138
chr10	6	60	106
chr10	6	61	69
chr10	6	62	55
chr10	6	63	29
chr10	6	64	9
chr10	6	65	4
chr10	6	66	4
chr11	6	7	116
chr11	6	8	173
chr11	6	9	177
chr11	6	10	177
chr11	6	11	193
chr11	6	12	245
chr11	6	13	277
chr11	6	14	306
chr11	6	15	369
chr11	6	16	457
chr11	6	17	442
chr11	6	18	642
chr11	6	19	692
chr11	6	20	786
chr11	6	21	956
chr11	6	22	1170
chr11	6	23	1304
chr11	6	24	1856
chr11	6	25	1675
chr11	6	26	2921
chr11	6	27	3442
chr11	6	28	5268
chr11	6	29	5825
chr11	6	30	6880
chr11	6	31	7923
chr11	6	32	11164
chr11	6	33	13964
chr11	6	34	11123
chr11	6	35	9127
chr11	6	36	5779
chr11	6	37	4139
chr11	6	38	2768
chr11	6	39	1775
chr11	6	40	1339
chr11	6	41	993
chr11	6	42	648
chr11	6	43	451
chr11	6	44	361
chr11	6	45	263
chr11	6	46	212
chr11	6	47	182
chr11	6	48	151
chr11	6	49	132
chr11	6	50	122
chr11	6	51	156
chr11	6	52	149
chr11	6	53	184
chr11	6	54	215
chr11	6	55	217
chr11	6	56	229
chr11	6	57	249
chr11	6	58	201
chr11	6	59	181
chr11	6	60	129
chr11	6	61	58
chr11	6	62	44
chr11	6	63	14
chr11	6	64	8
chr11	6	65	1
chr11	6	66	4
chr11	6	68	1
chr12	6	7	130
chr12	6	8	169
chr12	6	9	149
chr12	6	10	184
chr12	6	11	239
chr12	6	12	240
chr12	6	13	287
chr12	6	14	312
chr12	6	15	343
chr12	6	16	465
chr12	6	17	488
chr12	6	18	687
chr12	6	19	647
chr12	6	20	846
chr12	6	21	875
chr12	6	22	1135
chr12	6	23	1203
chr12	6	24	1768
chr12	6	25	1622
chr12	6	26	2906
chr12	6	27	3255
chr12	6	28	5037
chr12	6	29	5583
chr12	6	30	6487
chr12	6	31	7920
chr12	6	32	10675
chr12	6	33	13535
chr12	6	34	11017
chr12	6	35	8753
chr12	6	36	5679
chr12	6	37	3960
chr12	6	38	2595
chr12	6	39	1762
chr12	6	40	1261
chr12	6	41	935
chr12	6	42	637
chr12	6	43	457
chr12	6	44	314
chr12	6	45	249
chr12	6	46	171
chr12	6	47	131
chr12	6	48	135
chr12	6	49	112
chr12	6	50	120
chr12	6	51	131
chr12	6	52	153
chr12	6	53	165
chr12	6	54	192
chr12	6	55	206
chr12	6	56	219
chr12	6	57	229
chr12	6	58	199
chr12	6	59	158
chr12	6	60	98
chr12	6	61	77
chr12	6	62	45
chr12	6	63	22
chr12	6	64	13
chr12	6	65	2
chr12	6	66	3
chr12	6	69	1
chr13	6	7	82
chr13	6	8	98
chr13	6	9	107
chr13	6	10	109
chr13	6	11	150
chr13	6	12	174
chr13	6	13	189
chr13	6	14	205
chr13	6	15	273
chr13	6	16	299
chr13	6	17	338
chr13	6	18	449
chr13	6	19	454
chr13	6	20	599
chr13	6	21	619
chr13	6	22	825
chr13	6	23	881
chr13	6	24	1323
chr13	6	25	1160
chr13	6	26	2013
chr13	6	27	2437
chr13	6	28	3578
chr13	6	29	4004
chr13	6	30	4665
chr13	6	31	5651
chr13	6	32	7780
chr13	6	33	9735
chr13	6	34	7968
chr13	6	35	6398
chr13	6	36	4210
chr13	6	37	2939
chr13	6	38	1939
chr13	6	39	1327
chr13	6	40	988
chr13	6	41	688
chr13	6	42	468
chr13	6	43	325
chr13	6	44	253
chr13	6	45	175
chr13	6	46	148
chr13	6	47	103
chr13	6	48	101
chr13	6	49	66
chr13	6	50	84
chr13	6	51	97
chr13	6	52	101
chr13	6	53	121
chr13	6	54	138
chr13	6	55	143
chr13	6	56	171
chr13	6	57	166
chr13	6	58	133
chr13	6	59	108
chr13	6	60	87
chr13	6	61	56
chr13	6	62	32
chr13	6	63	16
chr13	6	64	9
chr13	6	65	5
chr13	6	66	2
chr14	6	7	77
chr14	6	8	87
chr14	6	9	119
chr14	6	10	147
chr14	6	11	150
chr14	6	12	174
chr14	6	13	167
chr14	6	14	217
chr14	6	15	274
chr14	6	16	290
chr14	6	17	289
chr14	6	18	440
chr14	6	19	439
chr14	6	20	567
chr14	6	21	624
chr14	6	22	800
chr14	6	23	840
chr14	6	24	1209
chr14	6	25	1181
chr14	6	26	1924
chr14	6	27	2267
chr14	6	28	3473
chr14	6	29	3849
chr14	6	30	4456
chr14	6	31	5292
chr14	6	32	7384
chr14	6	33	9262
chr14	6	34	7537
chr14	6	35	6090
chr14	6	36	3800
chr14	6	37	2705
chr14	6	38	1813
chr14	6	39	1280
chr14	6	40	867
chr14	6	41	651
chr14	6	42	428
chr14	6	43	273
chr14	6	44	235
chr14	6	45	183
chr14	6	46	112
chr14	6	47	92
chr14	6	48	100
chr14	6	49	101
chr14	6	50	89
chr14	6	51	97
chr14	6	52	107
chr14	6	53	102
chr14	6	54	127
chr14	6	55	160
chr14	6	56	168
chr14	6	57	159
chr14	6	58	146
chr14	6	59	126
chr14	6	60	65
chr14	6	61	55
chr14	6	62	35
chr14	6	63	12
chr14	6	64	13
chr14	6	65	2
chr14	6	66	2
chr15	6	7	72
chr15	6	8	94
chr15	6	9	95
chr15	6	10	95
chr15	6	11	135
chr15	6	12	156
chr15	6	13	187
chr15	6	14	192
chr15	6	15	230
chr15	6	16	271
chr15	6	17	298
chr15	6	18	386
chr15	6	19	392
chr15	6	20	511
chr15	6	21	515
chr15	6	22	685
chr15	6	23	769
chr15	6	24	1174
chr15	6	25	1083
chr15	6	26	1769
chr15	6	27	2071
chr15	6	28	3242
chr15	6	29	3526
chr15	6	30	4057
chr15	6	31	4895
chr15	6	32	6769
chr15	6	33	8367
chr15	6	34	6909
chr15	6	35	5517
chr15	6	36	3511
chr15	6	37	2530
chr15	6	38	1558
chr15	6	39	1128
chr15	6	40	810
chr15	6	41	534
chr15	6	42	427
chr15	6	43	265
chr15	6	44	218
chr15	6	45	151
chr15	6	46	115
chr15	6	47	83
chr15	6	48	71
chr15	6	49	80
chr15	6	50	81
chr15	6	51	92
chr15	6	52	97
chr15	6	53	95
chr15	6	54	120
chr15	6	55	141
chr15	6	56	147
chr15	6	57	141
chr15	6	58	135
chr15	6	59	102
chr15	6	60	72
chr15	6	61	43
chr15	6	62	18
chr15	6	63	12
chr15	6	64	10
chr15	6	65	1
chr15	6	68	1
chr15	6	70	1
chr16	6	7	74
chr16	6	8	99
chr16	6	9	108
chr16	6	10	124
chr16	6	11	143
chr16	6	12	165
chr16	6	13	190
chr16	6	14	187
chr16	6	15	252
chr16	6	16	275
chr16	6	17	300
chr16	6	18	384
chr16	6	19	410
chr16	6	20	514
chr16	6	21	597
chr16	6	22	766
chr16	6	23	758
chr16	6	24	1084
chr16	6	25	1043
chr16	6	26	1786
chr16	6	27	2054
chr16	6	28	3091
chr16	6	29	3437
chr16	6	30	4147
chr16	6	31	4907
chr16	6	32	6728
chr16	6	33	8280
chr16	6	34	6724
chr16	6	35	5343
chr16	6	36	3367
chr16	6	37	2426
chr16	6	38	1621
chr16	6	39	1106
chr16	6	40	789
chr16	6	41	585
chr16	6	42	401
chr16	6	43	280
chr16	6	44	217
chr16	6	45	134
chr16	6	46	129
chr16	6	47	100
chr16	6	48	81
chr16	6	49	79
chr16	6	50	103
chr16	6	51	109
chr16	6	52	85
chr16	6	53	104
chr16	6	54	119
chr16	6	55	132
chr16	6	56	150
chr16	6	57	134
chr16	6	58	141
chr16	6	59	77
chr16	6	60	83
chr16	6	61	48
chr16	6	62	27
chr16	6	63	8
chr16	6	64	6
chr16	6	65	2
chr17	6	7	67
chr17	6	8	91
chr17	6	9	106
chr17	6	10	117
chr17	6	11	146
chr17	6	12	174
chr17	6	13	171
chr17	6	14	218
chr17	6	15	237
chr17	6	16	282
chr17	6	17	306
chr17	6	18	410
chr17	6	19	397
chr17	6	20	530
chr17	6	21	555
chr17	6	22	671
chr17	6	23	747
chr17	6	24	1136
chr17	6	25	1076
chr17	6	26	1778
chr17	6	27	2141
chr17	6	28	3171
chr17	6	29	3564
chr17	6	30	4199
chr17	6	31	4813
chr17	6	32	6677
chr17	6	33	8058
chr17	6	34	6708
chr17	6	35	5102
chr17	6	36	3295
chr17	6	37	2324
chr17	6	38	1475
chr17	6	39	1069
chr17	6	40	739
chr17	6	41	534
chr17	6	42	374
chr17	6	43	226
chr17	6	44	173
chr17	6	45	146
chr17	6	46	117
chr17	6	47	89
chr17	6	48	77
chr17	6	49	76
chr17	6	50	91
chr17	6	51	85
chr17	6	52	90
chr17	6	53	105
chr17	6	54	116
chr17	6	55	135
chr17	6	56	153
chr17	6	57	157
chr17	6	58	149
chr17	6	59	111
chr17	6	60	75
chr17	6	61	46
chr17	6	62	33
chr17	6	63	13
chr17	6	64	6
chr17	6	65	2
chr17	6	66	1
chr18	6	7	61
chr18	6	8	92
chr18	6	9	96
chr18	6	10	87
chr18	6	11	110
chr18	6	12	132
chr18	6	13	157
chr18	6	14	185
chr18	6	15	199
chr18	6	16	232
chr18	6	17	289
chr18	6	18	356
chr18	6	19	349
chr18	6	20	469
chr18	6	21	559
chr18	6	22	669
chr18	6	23	732
chr18	6	24	1122
chr18	6	25	927
chr18	6	26	1575
chr18	6	27	2016
chr18	6	28	2863
chr18	6	29	3162
chr18	6	30	3836
chr18	6	31	4437
chr18	6	32	6408
chr18	6	33	7867
chr18	6	34	6698
chr18	6	35	5268
chr18	6	36	3402
chr18	6	37	2390
chr18	6	38	1660
chr18	6	39	1120
chr18	6	40	813
chr18	6	41	552
chr18	6	42	409
chr18	6	43	285
chr18	6	44	228
chr18	6	45	155
chr18	6	46	106
chr18	6	47	102
chr18	6	48	86
chr18	6	49	83
chr18	6	50	77
chr18	6	51	76
chr18	6	52	74
chr18	6	53	79
chr18	6	54	107
chr18	6	55	101
chr18	6	56	121
chr18	6	57	110
chr18	6	58	107
chr18	6	59	117
chr18	6	60	64
chr18	6	61	35
chr18	6	62	19
chr18	6	63	11
chr18	6	64	9
chr18	6	65	4
chr19	6	7	51
chr19	6	8	57
chr19	6	9	68
chr19	6	10	93
chr19	6	11	111
chr19	6	12	124
chr19	6	13	131
chr19	6	14	145
chr19	6	15	183
chr19	6	16	185
chr19	6	17	233
chr19	6	18	307
chr19	6	19	332
chr19	6	20	358
chr19	6	21	392
chr19	6	22	505
chr19	6	23	509
chr19	6	24	787
chr19	6	25	712
chr19	6	26	1234
chr19	6	27	1504
chr19	6	28	2154
chr19	6	29	2356
chr19	6	30	2730
chr19	6	31	3257
chr19	6	32	4253
chr19	6	33	5053
chr19	6	34	4179
chr19	6	35	3219
chr19	6	36	1989
chr19	6	37	1463
chr19	6	38	927
chr19	6	39	630
chr19	6	40	452
chr19	6	41	295
chr19	6	42	209
chr19	6	43	154
chr19	6	44	131
chr19	6	45	80
chr19	6	46	67
chr19	6	47	67
chr19	6	48	40
chr19	6	49	27
chr19	6	50	55
chr19	6	51	63
chr19	6	52	68
chr19	6	53	71
chr19	6	54	81
chr19	6	55	77
chr19	6	56	101
chr19	6	57	91
chr19	6	58	89
chr19	6	59	67
chr19	6	60	56
chr19	6	61	44
chr19	6	62	19
chr19	6	63	11
chr19	6	64	6
chr19	6	65	2
chr20	6	7	54
chr20	6	8	72
chr20	6	9	77
chr20	6	10	103
chr20	6	11	117
chr20	6	12	116
chr20	6	13	158
chr20	6	14	182
chr20	6	15	227
chr20	6	16	243
chr20	6	17	264
chr20	6	18	340
chr20	6	19	356
chr20	6	20	393
chr20	6	21	472
chr20	6	22	561
chr20	6	23	673
chr20	6	24	962
chr20	6	25	875
chr20	6	26	1437
chr20	6	27	1782
chr20	6	28	2540
chr20	6	29	2923
chr20	6	30	3355
chr20	6	31	4151
chr20	6	32	5714
chr20	6	33	7007
chr20	6	34	5697
chr20	6	35	4554
chr20	6	36	2907
chr20	6	37	2091
chr20	6	38	1425
chr20	6	39	936
chr20	6	40	669
chr20	6	41	493
chr20	6	42	323
chr20	6	43	221
chr20	6	44	178
chr20	6	45	140
chr20	6	46	91
chr20	6	47	82
chr20	6	48	66
chr20	6	49	62
chr20	6	50	69
chr20	6	51	74
chr20	6	52	83
chr20	6	53	93
chr20	6	54	108
chr20	6	55	107
chr20	6	56	107
chr20	6	57	122
chr20	6	58	99
chr20	6	59	68
chr20	6	60	54
chr20	6	61	49
chr20	6	62	22
chr20	6	63	10
chr20	6	64	5
chr20	6	65	2
chr21	6	7	38
chr21	6	8	41
chr21	6	9	60
chr21	6	10	65
chr21	6	11	52
chr21	6	12	73
chr21	6	13	69
chr21	6	14	121
chr21	6	15	106
chr21	6	16	107
chr21	6	17	112
chr21	6	18	178
chr21	6	19	170
chr21	6	20	249
chr21	6	21	241
chr21	6	22	310
chr21	6	23	325
chr21	6	24	513
chr21	6	25	503
chr21	6	26	825
chr21	6	27	926
chr21	6	28	1328
chr21	6	29	1532
chr21	6	30	1805
chr21	6	31	2242
chr21	6	32	2902
chr21	6	33	3563
chr21	6	34	2841
chr21	6	35	2367
chr21	6	36	1489
chr21	6	37	1045
chr21	6	38	712
chr21	6	39	485
chr21	6	40	334
chr21	6	41	251
chr21	6	42	158
chr21	6	43	142
chr21	6	44	84
chr21	6	45	55
chr21	6	46	40
chr21	6	47	37
chr21	6	48	32
chr21	6	49	28
chr21	6	50	40
chr21	6	51	29
chr21	6	52	43
chr21	6	53	49
chr21	6	54	38
chr21	6	55	39
chr21	6	56	77
chr21	6	57	53
chr21	6	58	62
chr21	6	59	50
chr21	6	60	29
chr21	6	61	16
chr21	6	62	12
chr21	6	63	7
chr21	6	64	4
chr21	6	66	1
chr22	6	7	42
chr22	6	8	44
chr22	6	9	58
chr22	6	10	43
chr22	6	11	87
chr22	6	12	79
chr22	6	13	94
chr22	6	14	122
chr22	6	15	111
chr22	6	16	141
chr22	6	17	160
chr22	6	18	202
chr22	6	19	204
chr22	6	20	266
chr22	6	21	302
chr22	6	22	331
chr22	6	23	357
chr22	6	24	530
chr22	6	25	561
chr22	6	26	866
chr22	6	27	1014
chr22	6	28	1489
chr22	6	29	1630
chr22	6	30	1896
chr22	6	31	2385
chr22	6	32	3184
chr22	6	33	3804
chr22	6	34	3166
chr22	6	35	2408
chr22	6	36	1598
chr22	6	37	1119
chr22	6	38	745
chr22	6	39	504
chr22	6	40	350
chr22	6	41	219
chr22	6	42	176
chr22	6	43	103
chr22	6	44	94
chr22	6	45	66
chr22	6	46	54
chr22	6	47	46
chr22	6	48	45
chr22	6	49	38
chr22	6	50	29
chr22	6	51	45
chr22	6	52	49
chr22	6	53	43
chr22	6	54	64
chr22	6	55	75
chr22	6	56	78
chr22	6	57	61
chr22	6	58	71
chr22	6	59	47
chr22	6	60	45
chr22	6	61	26
chr22	6	62	16
chr22	6	63	5
chr22	6	64	2
chr22	6	65	4
chr22	6	67	1
chrX	6	7	115
chrX	6	8	128
chrX	6	9	178
chrX	6	10	173
chrX	6	11	211
chrX	6	12	256
chrX	6	13	259
chrX	6	14	315
chrX	6	15	336
chrX	6	16	429
chrX	6	17	477
chrX	6	18	643
chrX	6	19	645
chrX	6	20	813
chrX	6	21	952
chrX	6	22	1101
chrX	6	23	1168
chrX	6	24	1829
chrX	6	25	1721
chrX	6	26	2786
chrX	6	27	3455
chrX	6	28	5168
chrX	6	29	5627
chrX	6	30	6731
chrX	6	31	7901
chrX	6	32	11160
chrX	6	33	14179
chrX	6	34	11672
chrX	6	35	9212
chrX	6	36	6028
chrX	6	37	4281
chrX	6	38	2809
chrX	6	39	1895
chrX	6	40	1382
chrX	6	41	960
chrX	6	42	676
chrX	6	43	495
chrX	6	44	354
chrX	6	45	264
chrX	6	46	198
chrX	6	47	152
chrX	6	48	138
chrX	6	49	115
chrX	6	50	125
chrX	6	51	110
chrX	6	52	144
chrX	6	53	143
chrX	6	54	197
chrX	6	55	196
chrX	6	56	200
chrX	6	57	222
chrX	6	58	179
chrX	6	59	146
chrX	6	60	88
chrX	6	61	81
chrX	6	62	48
chrX	6	63	22
chrX	6	64	10
chrX	6	65	7
chrX	6	66	1
chrY	6	13	2
chrY	6	16	1
chrY	6	18	2
chrY	6	19	1
chrY	6	23	3
chrY	6	24	2
chrY	6	25	1
chrY	6	26	2
chrY	6	28	2
chrY	6	29	2
chrY	6	30	4
chrY	6	31	5
chrY	6	32	1
chrY	6	33	5
chrY	6	34	5
chrY	6	35	2
chrY	6	36	1
chrY	6	56	1
chrM	6	12	1
chrM	6	13	1
chrM	6	14	2
chrM	6	15	2
chrM	6	17	1
chrM	6	18	2
chrM	6	19	1
chrM	6	22	1
chrM	6	23	1
chrM	6	24	1
chrM	6	32	1
