##Chromosome	MAQP	Length	ReadsNums
chr1	6	7	176
chr1	6	8	202
chr1	6	9	288
chr1	6	10	250
chr1	6	11	329
chr1	6	12	391
chr1	6	13	396
chr1	6	14	408
chr1	6	15	474
chr1	6	16	544
chr1	6	17	592
chr1	6	18	837
chr1	6	19	975
chr1	6	20	1562
chr1	6	21	2147
chr1	6	22	3771
chr1	6	23	5629
chr1	6	24	13061
chr1	6	25	15294
chr1	6	26	37929
chr1	6	27	41771
chr1	6	28	38200
chr1	6	29	14810
chr1	6	30	5506
chr1	6	31	4160
chr1	6	32	5423
chr1	6	33	5649
chr1	6	34	3698
chr1	6	35	1934
chr1	6	36	742
chr1	6	37	300
chr1	6	38	113
chr1	6	39	53
chr1	6	40	6
chr1	6	41	7
chr1	6	42	3
chr1	6	43	1
chr1	6	44	1
chr1	6	45	1
chr2	6	7	194
chr2	6	8	220
chr2	6	9	259
chr2	6	10	271
chr2	6	11	337
chr2	6	12	312
chr2	6	13	407
chr2	6	14	426
chr2	6	15	495
chr2	6	16	566
chr2	6	17	671
chr2	6	18	807
chr2	6	19	1008
chr2	6	20	1677
chr2	6	21	2280
chr2	6	22	3905
chr2	6	23	6014
chr2	6	24	13709
chr2	6	25	15696
chr2	6	26	39243
chr2	6	27	42968
chr2	6	28	39499
chr2	6	29	15195
chr2	6	30	5593
chr2	6	31	4348
chr2	6	32	5417
chr2	6	33	5975
chr2	6	34	3867
chr2	6	35	2049
chr2	6	36	810
chr2	6	37	290
chr2	6	38	157
chr2	6	39	45
chr2	6	40	16
chr2	6	41	7
chr2	6	42	7
chr2	6	43	3
chr2	6	44	1
chr2	6	45	1
chr3	6	7	158
chr3	6	8	197
chr3	6	9	214
chr3	6	10	203
chr3	6	11	307
chr3	6	12	260
chr3	6	13	327
chr3	6	14	338
chr3	6	15	418
chr3	6	16	485
chr3	6	17	534
chr3	6	18	649
chr3	6	19	868
chr3	6	20	1234
chr3	6	21	1826
chr3	6	22	3170
chr3	6	23	4704
chr3	6	24	11000
chr3	6	25	12612
chr3	6	26	32013
chr3	6	27	35604
chr3	6	28	32397
chr3	6	29	12408
chr3	6	30	4553
chr3	6	31	3519
chr3	6	32	4470
chr3	6	33	4932
chr3	6	34	3033
chr3	6	35	1621
chr3	6	36	630
chr3	6	37	241
chr3	6	38	93
chr3	6	39	37
chr3	6	40	20
chr3	6	41	9
chr3	6	42	2
chr3	6	44	1
chr4	6	7	134
chr4	6	8	182
chr4	6	9	176
chr4	6	10	208
chr4	6	11	228
chr4	6	12	259
chr4	6	13	300
chr4	6	14	335
chr4	6	15	337
chr4	6	16	392
chr4	6	17	502
chr4	6	18	597
chr4	6	19	739
chr4	6	20	1159
chr4	6	21	1504
chr4	6	22	2929
chr4	6	23	4194
chr4	6	24	9844
chr4	6	25	11329
chr4	6	26	28746
chr4	6	27	31480
chr4	6	28	28808
chr4	6	29	11014
chr4	6	30	4129
chr4	6	31	3132
chr4	6	32	4050
chr4	6	33	4415
chr4	6	34	2785
chr4	6	35	1507
chr4	6	36	580
chr4	6	37	212
chr4	6	38	99
chr4	6	39	40
chr4	6	40	12
chr4	6	41	2
chr4	6	42	5
chr4	6	44	2
chr4	6	45	1
chr4	6	51	1
chr5	6	7	159
chr5	6	8	167
chr5	6	9	187
chr5	6	10	216
chr5	6	11	231
chr5	6	12	295
chr5	6	13	272
chr5	6	14	317
chr5	6	15	356
chr5	6	16	376
chr5	6	17	452
chr5	6	18	602
chr5	6	19	754
chr5	6	20	1130
chr5	6	21	1513
chr5	6	22	2937
chr5	6	23	4220
chr5	6	24	9752
chr5	6	25	11534
chr5	6	26	28503
chr5	6	27	31403
chr5	6	28	28816
chr5	6	29	11220
chr5	6	30	4006
chr5	6	31	3213
chr5	6	32	4007
chr5	6	33	4427
chr5	6	34	2672
chr5	6	35	1443
chr5	6	36	527
chr5	6	37	209
chr5	6	38	92
chr5	6	39	35
chr5	6	40	12
chr5	6	41	3
chr5	6	42	3
chr5	6	45	1
chr6	6	7	138
chr6	6	8	144
chr6	6	9	177
chr6	6	10	213
chr6	6	11	217
chr6	6	12	242
chr6	6	13	294
chr6	6	14	294
chr6	6	15	356
chr6	6	16	362
chr6	6	17	415
chr6	6	18	556
chr6	6	19	713
chr6	6	20	1139
chr6	6	21	1566
chr6	6	22	2703
chr6	6	23	4066
chr6	6	24	9277
chr6	6	25	10849
chr6	6	26	26820
chr6	6	27	30222
chr6	6	28	28082
chr6	6	29	10656
chr6	6	30	3955
chr6	6	31	2927
chr6	6	32	3844
chr6	6	33	4192
chr6	6	34	2635
chr6	6	35	1381
chr6	6	36	583
chr6	6	37	218
chr6	6	38	92
chr6	6	39	47
chr6	6	40	14
chr6	6	41	2
chr6	6	42	1
chr6	6	43	2
chr6	6	44	1
chr6	6	55	1
chr6	6	58	1
chr7	6	7	119
chr7	6	8	133
chr7	6	9	163
chr7	6	10	172
chr7	6	11	198
chr7	6	12	234
chr7	6	13	242
chr7	6	14	292
chr7	6	15	313
chr7	6	16	355
chr7	6	17	378
chr7	6	18	511
chr7	6	19	626
chr7	6	20	938
chr7	6	21	1365
chr7	6	22	2419
chr7	6	23	3585
chr7	6	24	8371
chr7	6	25	9735
chr7	6	26	24086
chr7	6	27	26657
chr7	6	28	24571
chr7	6	29	9452
chr7	6	30	3545
chr7	6	31	2674
chr7	6	32	3414
chr7	6	33	3698
chr7	6	34	2425
chr7	6	35	1221
chr7	6	36	503
chr7	6	37	169
chr7	6	38	96
chr7	6	39	32
chr7	6	40	9
chr7	6	41	7
chr7	6	42	2
chr7	6	43	1
chr7	6	46	1
chr8	6	7	112
chr8	6	8	109
chr8	6	9	176
chr8	6	10	168
chr8	6	11	191
chr8	6	12	227
chr8	6	13	250
chr8	6	14	264
chr8	6	15	304
chr8	6	16	341
chr8	6	17	374
chr8	6	18	495
chr8	6	19	584
chr8	6	20	918
chr8	6	21	1388
chr8	6	22	2377
chr8	6	23	3489
chr8	6	24	8050
chr8	6	25	9325
chr8	6	26	23719
chr8	6	27	26159
chr8	6	28	23988
chr8	6	29	9303
chr8	6	30	3484
chr8	6	31	2679
chr8	6	32	3352
chr8	6	33	3676
chr8	6	34	2213
chr8	6	35	1277
chr8	6	36	460
chr8	6	37	165
chr8	6	38	80
chr8	6	39	26
chr8	6	40	8
chr8	6	41	4
chr8	6	42	1
chr8	6	48	1
chr9	6	7	95
chr9	6	8	103
chr9	6	9	126
chr9	6	10	143
chr9	6	11	150
chr9	6	12	164
chr9	6	13	189
chr9	6	14	197
chr9	6	15	252
chr9	6	16	240
chr9	6	17	343
chr9	6	18	371
chr9	6	19	500
chr9	6	20	794
chr9	6	21	1057
chr9	6	22	1945
chr9	6	23	2826
chr9	6	24	6396
chr9	6	25	7503
chr9	6	26	18491
chr9	6	27	20575
chr9	6	28	19089
chr9	6	29	7278
chr9	6	30	2725
chr9	6	31	2115
chr9	6	32	2713
chr9	6	33	2829
chr9	6	34	1796
chr9	6	35	966
chr9	6	36	365
chr9	6	37	145
chr9	6	38	66
chr9	6	39	25
chr9	6	40	7
chr9	6	41	1
chr9	6	42	2
chr9	6	43	3
chr9	6	44	1
chr9	6	60	1
chr10	6	7	116
chr10	6	8	132
chr10	6	9	143
chr10	6	10	167
chr10	6	11	231
chr10	6	12	202
chr10	6	13	235
chr10	6	14	254
chr10	6	15	285
chr10	6	16	327
chr10	6	17	355
chr10	6	18	473
chr10	6	19	559
chr10	6	20	948
chr10	6	21	1296
chr10	6	22	2243
chr10	6	23	3362
chr10	6	24	7573
chr10	6	25	8968
chr10	6	26	22290
chr10	6	27	24193
chr10	6	28	22493
chr10	6	29	8701
chr10	6	30	3225
chr10	6	31	2447
chr10	6	32	3065
chr10	6	33	3506
chr10	6	34	2138
chr10	6	35	1219
chr10	6	36	422
chr10	6	37	178
chr10	6	38	72
chr10	6	39	28
chr10	6	40	15
chr10	6	41	8
chr10	6	42	3
chr10	6	43	1
chr10	6	56	1
chr11	6	7	111
chr11	6	8	130
chr11	6	9	161
chr11	6	10	164
chr11	6	11	189
chr11	6	12	212
chr11	6	13	229
chr11	6	14	249
chr11	6	15	271
chr11	6	16	303
chr11	6	17	380
chr11	6	18	480
chr11	6	19	581
chr11	6	20	842
chr11	6	21	1234
chr11	6	22	2274
chr11	6	23	3497
chr11	6	24	7757
chr11	6	25	8913
chr11	6	26	22316
chr11	6	27	24583
chr11	6	28	22835
chr11	6	29	8737
chr11	6	30	3307
chr11	6	31	2524
chr11	6	32	3131
chr11	6	33	3342
chr11	6	34	2156
chr11	6	35	1156
chr11	6	36	465
chr11	6	37	196
chr11	6	38	69
chr11	6	39	27
chr11	6	40	10
chr11	6	41	7
chr11	6	45	1
chr11	6	51	1
chr12	6	7	101
chr12	6	8	114
chr12	6	9	143
chr12	6	10	164
chr12	6	11	191
chr12	6	12	192
chr12	6	13	207
chr12	6	14	239
chr12	6	15	296
chr12	6	16	305
chr12	6	17	336
chr12	6	18	473
chr12	6	19	584
chr12	6	20	878
chr12	6	21	1221
chr12	6	22	2212
chr12	6	23	3135
chr12	6	24	7529
chr12	6	25	8771
chr12	6	26	21868
chr12	6	27	23872
chr12	6	28	21920
chr12	6	29	8301
chr12	6	30	3153
chr12	6	31	2353
chr12	6	32	2991
chr12	6	33	3210
chr12	6	34	2060
chr12	6	35	1109
chr12	6	36	459
chr12	6	37	153
chr12	6	38	65
chr12	6	39	30
chr12	6	40	14
chr12	6	41	2
chr13	6	7	65
chr13	6	8	78
chr13	6	9	114
chr13	6	10	110
chr13	6	11	134
chr13	6	12	138
chr13	6	13	163
chr13	6	14	162
chr13	6	15	199
chr13	6	16	191
chr13	6	17	243
chr13	6	18	337
chr13	6	19	414
chr13	6	20	608
chr13	6	21	844
chr13	6	22	1493
chr13	6	23	2218
chr13	6	24	5179
chr13	6	25	6055
chr13	6	26	15220
chr13	6	27	16929
chr13	6	28	15529
chr13	6	29	6059
chr13	6	30	2254
chr13	6	31	1679
chr13	6	32	2108
chr13	6	33	2359
chr13	6	34	1475
chr13	6	35	827
chr13	6	36	311
chr13	6	37	113
chr13	6	38	59
chr13	6	39	14
chr13	6	40	12
chr13	6	41	2
chr13	6	46	1
chr14	6	7	74
chr14	6	8	87
chr14	6	9	90
chr14	6	10	126
chr14	6	11	124
chr14	6	12	134
chr14	6	13	151
chr14	6	14	165
chr14	6	15	173
chr14	6	16	206
chr14	6	17	242
chr14	6	18	310
chr14	6	19	386
chr14	6	20	610
chr14	6	21	809
chr14	6	22	1499
chr14	6	23	2164
chr14	6	24	5045
chr14	6	25	5935
chr14	6	26	14758
chr14	6	27	15987
chr14	6	28	14859
chr14	6	29	5752
chr14	6	30	2163
chr14	6	31	1609
chr14	6	32	2170
chr14	6	33	2158
chr14	6	34	1379
chr14	6	35	795
chr14	6	36	289
chr14	6	37	104
chr14	6	38	58
chr14	6	39	20
chr14	6	40	3
chr14	6	41	2
chr14	6	43	1
chr15	6	7	66
chr15	6	8	85
chr15	6	9	101
chr15	6	10	93
chr15	6	11	112
chr15	6	12	129
chr15	6	13	143
chr15	6	14	151
chr15	6	15	182
chr15	6	16	206
chr15	6	17	207
chr15	6	18	306
chr15	6	19	343
chr15	6	20	550
chr15	6	21	815
chr15	6	22	1374
chr15	6	23	2026
chr15	6	24	4767
chr15	6	25	5555
chr15	6	26	13810
chr15	6	27	15183
chr15	6	28	13669
chr15	6	29	5293
chr15	6	30	1971
chr15	6	31	1522
chr15	6	32	1893
chr15	6	33	2085
chr15	6	34	1289
chr15	6	35	736
chr15	6	36	291
chr15	6	37	118
chr15	6	38	42
chr15	6	39	16
chr15	6	40	8
chr15	6	43	1
chr15	6	47	1
chr16	6	7	74
chr16	6	8	97
chr16	6	9	106
chr16	6	10	98
chr16	6	11	132
chr16	6	12	121
chr16	6	13	148
chr16	6	14	181
chr16	6	15	203
chr16	6	16	206
chr16	6	17	248
chr16	6	18	308
chr16	6	19	390
chr16	6	20	555
chr16	6	21	789
chr16	6	22	1495
chr16	6	23	2150
chr16	6	24	4918
chr16	6	25	5528
chr16	6	26	13926
chr16	6	27	15289
chr16	6	28	13890
chr16	6	29	5394
chr16	6	30	2092
chr16	6	31	1504
chr16	6	32	1953
chr16	6	33	1963
chr16	6	34	1308
chr16	6	35	683
chr16	6	36	270
chr16	6	37	105
chr16	6	38	46
chr16	6	39	17
chr16	6	40	2
chr16	6	41	2
chr16	6	42	2
chr17	6	7	71
chr17	6	8	90
chr17	6	9	86
chr17	6	10	111
chr17	6	11	111
chr17	6	12	140
chr17	6	13	156
chr17	6	14	164
chr17	6	15	181
chr17	6	16	216
chr17	6	17	213
chr17	6	18	349
chr17	6	19	356
chr17	6	20	605
chr17	6	21	786
chr17	6	22	1467
chr17	6	23	2108
chr17	6	24	4789
chr17	6	25	5556
chr17	6	26	13678
chr17	6	27	15187
chr17	6	28	13916
chr17	6	29	5541
chr17	6	30	1961
chr17	6	31	1449
chr17	6	32	1866
chr17	6	33	2053
chr17	6	34	1284
chr17	6	35	637
chr17	6	36	258
chr17	6	37	93
chr17	6	38	47
chr17	6	39	17
chr17	6	40	3
chr17	6	41	2
chr17	6	46	1
chr18	6	7	55
chr18	6	8	76
chr18	6	9	79
chr18	6	10	81
chr18	6	11	96
chr18	6	12	98
chr18	6	13	116
chr18	6	14	142
chr18	6	15	168
chr18	6	16	190
chr18	6	17	195
chr18	6	18	268
chr18	6	19	327
chr18	6	20	477
chr18	6	21	697
chr18	6	22	1258
chr18	6	23	1844
chr18	6	24	4317
chr18	6	25	5025
chr18	6	26	12550
chr18	6	27	13574
chr18	6	28	12540
chr18	6	29	4805
chr18	6	30	1808
chr18	6	31	1388
chr18	6	32	1746
chr18	6	33	1987
chr18	6	34	1260
chr18	6	35	659
chr18	6	36	283
chr18	6	37	99
chr18	6	38	46
chr18	6	39	12
chr18	6	40	6
chr18	6	41	3
chr18	6	42	2
chr19	6	7	53
chr19	6	8	60
chr19	6	9	65
chr19	6	10	82
chr19	6	11	94
chr19	6	12	106
chr19	6	13	116
chr19	6	14	123
chr19	6	15	125
chr19	6	16	150
chr19	6	17	177
chr19	6	18	234
chr19	6	19	278
chr19	6	20	455
chr19	6	21	625
chr19	6	22	1038
chr19	6	23	1574
chr19	6	24	3361
chr19	6	25	3958
chr19	6	26	9719
chr19	6	27	10467
chr19	6	28	9590
chr19	6	29	3822
chr19	6	30	1330
chr19	6	31	992
chr19	6	32	1170
chr19	6	33	1293
chr19	6	34	829
chr19	6	35	404
chr19	6	36	172
chr19	6	37	71
chr19	6	38	34
chr19	6	39	3
chr19	6	40	5
chr19	6	41	2
chr19	6	45	1
chr20	6	7	58
chr20	6	8	68
chr20	6	9	74
chr20	6	10	79
chr20	6	11	103
chr20	6	12	104
chr20	6	13	131
chr20	6	14	141
chr20	6	15	145
chr20	6	16	162
chr20	6	17	172
chr20	6	18	243
chr20	6	19	308
chr20	6	20	438
chr20	6	21	676
chr20	6	22	1084
chr20	6	23	1748
chr20	6	24	3797
chr20	6	25	4648
chr20	6	26	11281
chr20	6	27	12421
chr20	6	28	11601
chr20	6	29	4431
chr20	6	30	1637
chr20	6	31	1307
chr20	6	32	1575
chr20	6	33	1724
chr20	6	34	1127
chr20	6	35	575
chr20	6	36	209
chr20	6	37	101
chr20	6	38	48
chr20	6	39	17
chr20	6	40	5
chr20	6	41	2
chr20	6	46	1
chr21	6	7	28
chr21	6	8	42
chr21	6	9	55
chr21	6	10	47
chr21	6	11	58
chr21	6	12	45
chr21	6	13	59
chr21	6	14	71
chr21	6	15	63
chr21	6	16	90
chr21	6	17	96
chr21	6	18	127
chr21	6	19	158
chr21	6	20	236
chr21	6	21	324
chr21	6	22	622
chr21	6	23	826
chr21	6	24	2057
chr21	6	25	2389
chr21	6	26	6019
chr21	6	27	6395
chr21	6	28	6087
chr21	6	29	2289
chr21	6	30	863
chr21	6	31	659
chr21	6	32	784
chr21	6	33	911
chr21	6	34	538
chr21	6	35	287
chr21	6	36	127
chr21	6	37	48
chr21	6	38	28
chr21	6	39	8
chr21	6	40	3
chr21	6	43	1
chr22	6	7	40
chr22	6	8	47
chr22	6	9	53
chr22	6	10	58
chr22	6	11	67
chr22	6	12	80
chr22	6	13	55
chr22	6	14	76
chr22	6	15	92
chr22	6	16	111
chr22	6	17	99
chr22	6	18	166
chr22	6	19	210
chr22	6	20	285
chr22	6	21	401
chr22	6	22	728
chr22	6	23	1012
chr22	6	24	2456
chr22	6	25	2781
chr22	6	26	6494
chr22	6	27	7287
chr22	6	28	6579
chr22	6	29	2623
chr22	6	30	999
chr22	6	31	725
chr22	6	32	928
chr22	6	33	908
chr22	6	34	614
chr22	6	35	330
chr22	6	36	123
chr22	6	37	48
chr22	6	38	28
chr22	6	39	8
chr22	6	40	4
chr22	6	41	1
chr22	6	42	1
chrX	6	7	119
chrX	6	8	116
chrX	6	9	148
chrX	6	10	165
chrX	6	11	171
chrX	6	12	186
chrX	6	13	219
chrX	6	14	269
chrX	6	15	273
chrX	6	16	338
chrX	6	17	310
chrX	6	18	460
chrX	6	19	547
chrX	6	20	881
chrX	6	21	1238
chrX	6	22	2212
chrX	6	23	3130
chrX	6	24	7609
chrX	6	25	8671
chrX	6	26	22022
chrX	6	27	23976
chrX	6	28	22472
chrX	6	29	8373
chrX	6	30	3086
chrX	6	31	2515
chrX	6	32	3081
chrX	6	33	3390
chrX	6	34	2187
chrX	6	35	1164
chrX	6	36	436
chrX	6	37	189
chrX	6	38	73
chrX	6	39	37
chrX	6	40	13
chrX	6	41	2
chrX	6	42	1
chrX	6	43	2
chrX	6	44	1
chrX	6	47	1
chrY	6	7	1
chrY	6	10	1
chrY	6	11	1
chrY	6	15	1
chrY	6	21	3
chrY	6	22	3
chrY	6	23	4
chrY	6	24	3
chrY	6	25	7
chrY	6	26	16
chrY	6	27	21
chrY	6	28	15
chrY	6	29	3
chrY	6	30	1
chrY	6	31	2
chrY	6	32	2
chrY	6	33	2
chrM	6	21	3
chrM	6	22	3
chrM	6	23	1
chrM	6	24	1
chrM	6	25	3
chrM	6	26	2
chrM	6	27	1
