##Chromosome	MAQP	Length	ReadsNums
chr1	6	7	337
chr1	6	8	417
chr1	6	9	492
chr1	6	10	530
chr1	6	11	587
chr1	6	12	650
chr1	6	13	738
chr1	6	14	757
chr1	6	15	927
chr1	6	16	1041
chr1	6	17	1092
chr1	6	18	1228
chr1	6	19	1432
chr1	6	20	1492
chr1	6	21	1699
chr1	6	22	1989
chr1	6	23	2292
chr1	6	24	3251
chr1	6	25	3290
chr1	6	26	5860
chr1	6	27	7513
chr1	6	28	11621
chr1	6	29	13285
chr1	6	30	17553
chr1	6	31	22516
chr1	6	32	33657
chr1	6	33	45282
chr1	6	34	38561
chr1	6	35	32112
chr1	6	36	21167
chr1	6	37	15083
chr1	6	38	10255
chr1	6	39	7196
chr1	6	40	5217
chr1	6	41	3520
chr1	6	42	2642
chr1	6	43	1740
chr1	6	44	1395
chr1	6	45	992
chr1	6	46	741
chr1	6	47	612
chr1	6	48	516
chr1	6	49	461
chr1	6	50	579
chr1	6	51	538
chr1	6	52	630
chr1	6	53	841
chr1	6	54	931
chr1	6	55	1133
chr1	6	56	1249
chr1	6	57	1226
chr1	6	58	1155
chr1	6	59	945
chr1	6	60	648
chr1	6	61	473
chr1	6	62	282
chr1	6	63	146
chr1	6	64	67
chr1	6	65	28
chr1	6	66	17
chr1	6	67	3
chr1	6	68	4
chr1	6	69	1
chr2	6	7	374
chr2	6	8	438
chr2	6	9	500
chr2	6	10	556
chr2	6	11	677
chr2	6	12	737
chr2	6	13	683
chr2	6	14	846
chr2	6	15	932
chr2	6	16	1028
chr2	6	17	1170
chr2	6	18	1326
chr2	6	19	1403
chr2	6	20	1641
chr2	6	21	1738
chr2	6	22	2076
chr2	6	23	2389
chr2	6	24	3367
chr2	6	25	3396
chr2	6	26	6175
chr2	6	27	7782
chr2	6	28	12264
chr2	6	29	14202
chr2	6	30	18678
chr2	6	31	23905
chr2	6	32	35267
chr2	6	33	48667
chr2	6	34	41418
chr2	6	35	34460
chr2	6	36	22862
chr2	6	37	16472
chr2	6	38	10967
chr2	6	39	7658
chr2	6	40	5603
chr2	6	41	3733
chr2	6	42	2935
chr2	6	43	1975
chr2	6	44	1476
chr2	6	45	964
chr2	6	46	805
chr2	6	47	598
chr2	6	48	534
chr2	6	49	512
chr2	6	50	492
chr2	6	51	549
chr2	6	52	662
chr2	6	53	777
chr2	6	54	926
chr2	6	55	1108
chr2	6	56	1239
chr2	6	57	1202
chr2	6	58	1109
chr2	6	59	865
chr2	6	60	599
chr2	6	61	444
chr2	6	62	300
chr2	6	63	127
chr2	6	64	78
chr2	6	65	20
chr2	6	66	13
chr2	6	67	5
chr2	6	68	4
chr2	6	70	1
chr3	6	7	306
chr3	6	8	350
chr3	6	9	401
chr3	6	10	422
chr3	6	11	551
chr3	6	12	560
chr3	6	13	568
chr3	6	14	629
chr3	6	15	754
chr3	6	16	788
chr3	6	17	946
chr3	6	18	1000
chr3	6	19	1194
chr3	6	20	1312
chr3	6	21	1435
chr3	6	22	1732
chr3	6	23	1906
chr3	6	24	2778
chr3	6	25	2779
chr3	6	26	5076
chr3	6	27	6505
chr3	6	28	10027
chr3	6	29	11804
chr3	6	30	15579
chr3	6	31	19596
chr3	6	32	29268
chr3	6	33	40148
chr3	6	34	33622
chr3	6	35	28412
chr3	6	36	18588
chr3	6	37	13200
chr3	6	38	9034
chr3	6	39	6179
chr3	6	40	4557
chr3	6	41	3084
chr3	6	42	2368
chr3	6	43	1567
chr3	6	44	1147
chr3	6	45	826
chr3	6	46	630
chr3	6	47	476
chr3	6	48	445
chr3	6	49	380
chr3	6	50	438
chr3	6	51	454
chr3	6	52	549
chr3	6	53	679
chr3	6	54	781
chr3	6	55	913
chr3	6	56	1082
chr3	6	57	965
chr3	6	58	844
chr3	6	59	756
chr3	6	60	502
chr3	6	61	356
chr3	6	62	211
chr3	6	63	117
chr3	6	64	62
chr3	6	65	29
chr3	6	66	10
chr3	6	67	4
chr3	6	68	2
chr4	6	7	261
chr4	6	8	308
chr4	6	9	391
chr4	6	10	439
chr4	6	11	495
chr4	6	12	528
chr4	6	13	591
chr4	6	14	625
chr4	6	15	716
chr4	6	16	720
chr4	6	17	810
chr4	6	18	940
chr4	6	19	1000
chr4	6	20	1230
chr4	6	21	1345
chr4	6	22	1604
chr4	6	23	1774
chr4	6	24	2689
chr4	6	25	2559
chr4	6	26	4626
chr4	6	27	5824
chr4	6	28	9253
chr4	6	29	10544
chr4	6	30	13711
chr4	6	31	17823
chr4	6	32	26601
chr4	6	33	36936
chr4	6	34	30988
chr4	6	35	26317
chr4	6	36	17348
chr4	6	37	12091
chr4	6	38	8219
chr4	6	39	5797
chr4	6	40	4302
chr4	6	41	2891
chr4	6	42	2116
chr4	6	43	1446
chr4	6	44	1071
chr4	6	45	730
chr4	6	46	557
chr4	6	47	455
chr4	6	48	398
chr4	6	49	353
chr4	6	50	351
chr4	6	51	386
chr4	6	52	467
chr4	6	53	526
chr4	6	54	696
chr4	6	55	735
chr4	6	56	844
chr4	6	57	821
chr4	6	58	782
chr4	6	59	609
chr4	6	60	461
chr4	6	61	319
chr4	6	62	193
chr4	6	63	94
chr4	6	64	47
chr4	6	65	22
chr4	6	66	10
chr4	6	67	4
chr4	6	71	1
chr5	6	7	244
chr5	6	8	284
chr5	6	9	372
chr5	6	10	412
chr5	6	11	447
chr5	6	12	525
chr5	6	13	568
chr5	6	14	651
chr5	6	15	685
chr5	6	16	728
chr5	6	17	843
chr5	6	18	906
chr5	6	19	970
chr5	6	20	1173
chr5	6	21	1254
chr5	6	22	1535
chr5	6	23	1658
chr5	6	24	2431
chr5	6	25	2504
chr5	6	26	4397
chr5	6	27	5639
chr5	6	28	8942
chr5	6	29	10457
chr5	6	30	13549
chr5	6	31	17181
chr5	6	32	26145
chr5	6	33	35926
chr5	6	34	30638
chr5	6	35	25419
chr5	6	36	17055
chr5	6	37	11887
chr5	6	38	8171
chr5	6	39	5521
chr5	6	40	4161
chr5	6	41	2854
chr5	6	42	2005
chr5	6	43	1446
chr5	6	44	1084
chr5	6	45	730
chr5	6	46	558
chr5	6	47	423
chr5	6	48	356
chr5	6	49	372
chr5	6	50	364
chr5	6	51	454
chr5	6	52	479
chr5	6	53	575
chr5	6	54	667
chr5	6	55	744
chr5	6	56	920
chr5	6	57	901
chr5	6	58	775
chr5	6	59	658
chr5	6	60	466
chr5	6	61	316
chr5	6	62	203
chr5	6	63	107
chr5	6	64	56
chr5	6	65	26
chr5	6	66	7
chr5	6	67	2
chr5	6	68	1
chr5	6	69	1
chr6	6	7	251
chr6	6	8	305
chr6	6	9	369
chr6	6	10	373
chr6	6	11	421
chr6	6	12	480
chr6	6	13	526
chr6	6	14	588
chr6	6	15	683
chr6	6	16	675
chr6	6	17	746
chr6	6	18	846
chr6	6	19	1018
chr6	6	20	1133
chr6	6	21	1229
chr6	6	22	1481
chr6	6	23	1589
chr6	6	24	2365
chr6	6	25	2388
chr6	6	26	4452
chr6	6	27	5390
chr6	6	28	8531
chr6	6	29	9976
chr6	6	30	13105
chr6	6	31	16734
chr6	6	32	24643
chr6	6	33	33844
chr6	6	34	28710
chr6	6	35	23876
chr6	6	36	15636
chr6	6	37	11247
chr6	6	38	7650
chr6	6	39	5248
chr6	6	40	3962
chr6	6	41	2652
chr6	6	42	1963
chr6	6	43	1326
chr6	6	44	994
chr6	6	45	696
chr6	6	46	523
chr6	6	47	413
chr6	6	48	393
chr6	6	49	363
chr6	6	50	369
chr6	6	51	375
chr6	6	52	412
chr6	6	53	547
chr6	6	54	655
chr6	6	55	794
chr6	6	56	823
chr6	6	57	793
chr6	6	58	781
chr6	6	59	626
chr6	6	60	476
chr6	6	61	322
chr6	6	62	194
chr6	6	63	110
chr6	6	64	67
chr6	6	65	28
chr6	6	66	12
chr6	6	67	4
chr7	6	7	217
chr7	6	8	243
chr7	6	9	313
chr7	6	10	331
chr7	6	11	440
chr7	6	12	446
chr7	6	13	443
chr7	6	14	537
chr7	6	15	593
chr7	6	16	627
chr7	6	17	675
chr7	6	18	771
chr7	6	19	930
chr7	6	20	1002
chr7	6	21	1093
chr7	6	22	1264
chr7	6	23	1457
chr7	6	24	2076
chr7	6	25	2114
chr7	6	26	3832
chr7	6	27	4751
chr7	6	28	7472
chr7	6	29	8720
chr7	6	30	11343
chr7	6	31	14488
chr7	6	32	21794
chr7	6	33	29543
chr7	6	34	25601
chr7	6	35	21169
chr7	6	36	13808
chr7	6	37	9879
chr7	6	38	6774
chr7	6	39	4636
chr7	6	40	3345
chr7	6	41	2346
chr7	6	42	1699
chr7	6	43	1173
chr7	6	44	834
chr7	6	45	579
chr7	6	46	545
chr7	6	47	367
chr7	6	48	321
chr7	6	49	287
chr7	6	50	313
chr7	6	51	295
chr7	6	52	425
chr7	6	53	449
chr7	6	54	533
chr7	6	55	671
chr7	6	56	697
chr7	6	57	726
chr7	6	58	630
chr7	6	59	558
chr7	6	60	379
chr7	6	61	265
chr7	6	62	179
chr7	6	63	95
chr7	6	64	44
chr7	6	65	25
chr7	6	66	5
chr7	6	67	4
chr7	6	69	1
chr8	6	7	208
chr8	6	8	263
chr8	6	9	302
chr8	6	10	348
chr8	6	11	398
chr8	6	12	378
chr8	6	13	467
chr8	6	14	528
chr8	6	15	541
chr8	6	16	620
chr8	6	17	692
chr8	6	18	806
chr8	6	19	893
chr8	6	20	979
chr8	6	21	1036
chr8	6	22	1282
chr8	6	23	1406
chr8	6	24	2030
chr8	6	25	2111
chr8	6	26	3566
chr8	6	27	4682
chr8	6	28	7356
chr8	6	29	8577
chr8	6	30	11205
chr8	6	31	14215
chr8	6	32	21403
chr8	6	33	29892
chr8	6	34	25195
chr8	6	35	21055
chr8	6	36	13988
chr8	6	37	9981
chr8	6	38	6676
chr8	6	39	4792
chr8	6	40	3512
chr8	6	41	2278
chr8	6	42	1846
chr8	6	43	1219
chr8	6	44	853
chr8	6	45	598
chr8	6	46	486
chr8	6	47	366
chr8	6	48	315
chr8	6	49	321
chr8	6	50	289
chr8	6	51	300
chr8	6	52	410
chr8	6	53	445
chr8	6	54	567
chr8	6	55	617
chr8	6	56	683
chr8	6	57	684
chr8	6	58	625
chr8	6	59	521
chr8	6	60	389
chr8	6	61	247
chr8	6	62	164
chr8	6	63	92
chr8	6	64	55
chr8	6	65	22
chr8	6	66	2
chr8	6	67	1
chr8	6	69	1
chr9	6	7	170
chr9	6	8	199
chr9	6	9	227
chr9	6	10	261
chr9	6	11	300
chr9	6	12	348
chr9	6	13	350
chr9	6	14	401
chr9	6	15	429
chr9	6	16	467
chr9	6	17	556
chr9	6	18	612
chr9	6	19	678
chr9	6	20	757
chr9	6	21	801
chr9	6	22	937
chr9	6	23	1149
chr9	6	24	1636
chr9	6	25	1655
chr9	6	26	2921
chr9	6	27	3610
chr9	6	28	5656
chr9	6	29	6589
chr9	6	30	8634
chr9	6	31	11272
chr9	6	32	16642
chr9	6	33	22639
chr9	6	34	19533
chr9	6	35	16211
chr9	6	36	10542
chr9	6	37	7475
chr9	6	38	5058
chr9	6	39	3501
chr9	6	40	2659
chr9	6	41	1788
chr9	6	42	1355
chr9	6	43	913
chr9	6	44	646
chr9	6	45	473
chr9	6	46	363
chr9	6	47	278
chr9	6	48	230
chr9	6	49	241
chr9	6	50	253
chr9	6	51	261
chr9	6	52	314
chr9	6	53	403
chr9	6	54	470
chr9	6	55	521
chr9	6	56	592
chr9	6	57	561
chr9	6	58	453
chr9	6	59	394
chr9	6	60	309
chr9	6	61	220
chr9	6	62	141
chr9	6	63	68
chr9	6	64	38
chr9	6	65	8
chr9	6	66	2
chr9	6	67	1
chr9	6	68	1
chr10	6	7	209
chr10	6	8	254
chr10	6	9	309
chr10	6	10	333
chr10	6	11	361
chr10	6	12	406
chr10	6	13	474
chr10	6	14	466
chr10	6	15	579
chr10	6	16	564
chr10	6	17	679
chr10	6	18	757
chr10	6	19	807
chr10	6	20	913
chr10	6	21	1018
chr10	6	22	1161
chr10	6	23	1268
chr10	6	24	1918
chr10	6	25	1878
chr10	6	26	3479
chr10	6	27	4366
chr10	6	28	6825
chr10	6	29	7783
chr10	6	30	10453
chr10	6	31	13350
chr10	6	32	19632
chr10	6	33	27241
chr10	6	34	23021
chr10	6	35	19589
chr10	6	36	12762
chr10	6	37	9208
chr10	6	38	6190
chr10	6	39	4301
chr10	6	40	3221
chr10	6	41	2193
chr10	6	42	1579
chr10	6	43	1105
chr10	6	44	795
chr10	6	45	598
chr10	6	46	480
chr10	6	47	328
chr10	6	48	350
chr10	6	49	280
chr10	6	50	316
chr10	6	51	309
chr10	6	52	382
chr10	6	53	479
chr10	6	54	515
chr10	6	55	678
chr10	6	56	686
chr10	6	57	696
chr10	6	58	652
chr10	6	59	508
chr10	6	60	406
chr10	6	61	236
chr10	6	62	135
chr10	6	63	86
chr10	6	64	42
chr10	6	65	14
chr10	6	66	6
chr10	6	67	1
chr10	6	68	2
chr11	6	7	192
chr11	6	8	243
chr11	6	9	259
chr11	6	10	320
chr11	6	11	332
chr11	6	12	408
chr11	6	13	413
chr11	6	14	460
chr11	6	15	508
chr11	6	16	531
chr11	6	17	632
chr11	6	18	707
chr11	6	19	765
chr11	6	20	874
chr11	6	21	1003
chr11	6	22	1149
chr11	6	23	1324
chr11	6	24	1885
chr11	6	25	1942
chr11	6	26	3489
chr11	6	27	4348
chr11	6	28	6890
chr11	6	29	8034
chr11	6	30	10238
chr11	6	31	13459
chr11	6	32	19534
chr11	6	33	26971
chr11	6	34	22754
chr11	6	35	19089
chr11	6	36	12444
chr11	6	37	8933
chr11	6	38	6091
chr11	6	39	4150
chr11	6	40	3081
chr11	6	41	2063
chr11	6	42	1607
chr11	6	43	1060
chr11	6	44	805
chr11	6	45	586
chr11	6	46	464
chr11	6	47	336
chr11	6	48	284
chr11	6	49	280
chr11	6	50	279
chr11	6	51	328
chr11	6	52	382
chr11	6	53	471
chr11	6	54	552
chr11	6	55	667
chr11	6	56	739
chr11	6	57	629
chr11	6	58	615
chr11	6	59	506
chr11	6	60	366
chr11	6	61	255
chr11	6	62	128
chr11	6	63	80
chr11	6	64	41
chr11	6	65	19
chr11	6	66	8
chr11	6	67	1
chr11	6	68	1
chr12	6	7	216
chr12	6	8	247
chr12	6	9	280
chr12	6	10	297
chr12	6	11	354
chr12	6	12	385
chr12	6	13	443
chr12	6	14	452
chr12	6	15	505
chr12	6	16	556
chr12	6	17	618
chr12	6	18	718
chr12	6	19	751
chr12	6	20	939
chr12	6	21	952
chr12	6	22	1142
chr12	6	23	1273
chr12	6	24	1897
chr12	6	25	1919
chr12	6	26	3337
chr12	6	27	4271
chr12	6	28	6597
chr12	6	29	7732
chr12	6	30	9996
chr12	6	31	13080
chr12	6	32	19191
chr12	6	33	26514
chr12	6	34	22273
chr12	6	35	18655
chr12	6	36	12448
chr12	6	37	8683
chr12	6	38	5933
chr12	6	39	4129
chr12	6	40	2959
chr12	6	41	2083
chr12	6	42	1518
chr12	6	43	1066
chr12	6	44	749
chr12	6	45	521
chr12	6	46	402
chr12	6	47	339
chr12	6	48	284
chr12	6	49	283
chr12	6	50	299
chr12	6	51	315
chr12	6	52	371
chr12	6	53	430
chr12	6	54	510
chr12	6	55	560
chr12	6	56	626
chr12	6	57	671
chr12	6	58	611
chr12	6	59	513
chr12	6	60	363
chr12	6	61	237
chr12	6	62	159
chr12	6	63	73
chr12	6	64	37
chr12	6	65	23
chr12	6	66	8
chr12	6	67	6
chr12	6	68	2
chr12	6	69	1
chr13	6	7	141
chr13	6	8	166
chr13	6	9	187
chr13	6	10	210
chr13	6	11	266
chr13	6	12	277
chr13	6	13	334
chr13	6	14	370
chr13	6	15	377
chr13	6	16	413
chr13	6	17	482
chr13	6	18	480
chr13	6	19	542
chr13	6	20	660
chr13	6	21	678
chr13	6	22	792
chr13	6	23	911
chr13	6	24	1379
chr13	6	25	1406
chr13	6	26	2550
chr13	6	27	3028
chr13	6	28	4865
chr13	6	29	5439
chr13	6	30	7415
chr13	6	31	9415
chr13	6	32	14006
chr13	6	33	19351
chr13	6	34	16441
chr13	6	35	14051
chr13	6	36	8965
chr13	6	37	6398
chr13	6	38	4344
chr13	6	39	2979
chr13	6	40	2256
chr13	6	41	1500
chr13	6	42	1148
chr13	6	43	725
chr13	6	44	560
chr13	6	45	391
chr13	6	46	325
chr13	6	47	219
chr13	6	48	213
chr13	6	49	158
chr13	6	50	201
chr13	6	51	222
chr13	6	52	254
chr13	6	53	276
chr13	6	54	388
chr13	6	55	405
chr13	6	56	459
chr13	6	57	488
chr13	6	58	403
chr13	6	59	351
chr13	6	60	253
chr13	6	61	187
chr13	6	62	100
chr13	6	63	50
chr13	6	64	31
chr13	6	65	5
chr13	6	66	5
chr13	6	67	1
chr14	6	7	135
chr14	6	8	153
chr14	6	9	188
chr14	6	10	199
chr14	6	11	234
chr14	6	12	264
chr14	6	13	275
chr14	6	14	326
chr14	6	15	341
chr14	6	16	390
chr14	6	17	423
chr14	6	18	481
chr14	6	19	521
chr14	6	20	617
chr14	6	21	671
chr14	6	22	780
chr14	6	23	859
chr14	6	24	1281
chr14	6	25	1257
chr14	6	26	2237
chr14	6	27	2970
chr14	6	28	4497
chr14	6	29	5320
chr14	6	30	6872
chr14	6	31	8845
chr14	6	32	13222
chr14	6	33	17836
chr14	6	34	15185
chr14	6	35	12941
chr14	6	36	8390
chr14	6	37	5997
chr14	6	38	4084
chr14	6	39	2729
chr14	6	40	2054
chr14	6	41	1465
chr14	6	42	1074
chr14	6	43	760
chr14	6	44	554
chr14	6	45	370
chr14	6	46	263
chr14	6	47	222
chr14	6	48	185
chr14	6	49	194
chr14	6	50	177
chr14	6	51	186
chr14	6	52	245
chr14	6	53	285
chr14	6	54	388
chr14	6	55	388
chr14	6	56	488
chr14	6	57	419
chr14	6	58	424
chr14	6	59	322
chr14	6	60	249
chr14	6	61	170
chr14	6	62	116
chr14	6	63	42
chr14	6	64	26
chr14	6	65	14
chr14	6	66	3
chr14	6	67	1
chr15	6	7	113
chr15	6	8	140
chr15	6	9	168
chr15	6	10	179
chr15	6	11	201
chr15	6	12	217
chr15	6	13	263
chr15	6	14	311
chr15	6	15	313
chr15	6	16	361
chr15	6	17	376
chr15	6	18	419
chr15	6	19	510
chr15	6	20	532
chr15	6	21	578
chr15	6	22	688
chr15	6	23	825
chr15	6	24	1167
chr15	6	25	1166
chr15	6	26	2128
chr15	6	27	2643
chr15	6	28	4123
chr15	6	29	4923
chr15	6	30	6388
chr15	6	31	8128
chr15	6	32	11951
chr15	6	33	16130
chr15	6	34	13922
chr15	6	35	11417
chr15	6	36	7584
chr15	6	37	5425
chr15	6	38	3667
chr15	6	39	2596
chr15	6	40	1803
chr15	6	41	1318
chr15	6	42	928
chr15	6	43	626
chr15	6	44	462
chr15	6	45	352
chr15	6	46	267
chr15	6	47	242
chr15	6	48	158
chr15	6	49	185
chr15	6	50	181
chr15	6	51	206
chr15	6	52	229
chr15	6	53	287
chr15	6	54	330
chr15	6	55	408
chr15	6	56	420
chr15	6	57	467
chr15	6	58	416
chr15	6	59	317
chr15	6	60	211
chr15	6	61	158
chr15	6	62	101
chr15	6	63	49
chr15	6	64	22
chr15	6	65	14
chr15	6	66	7
chr15	6	67	1
chr16	6	7	143
chr16	6	8	164
chr16	6	9	171
chr16	6	10	174
chr16	6	11	227
chr16	6	12	243
chr16	6	13	270
chr16	6	14	297
chr16	6	15	344
chr16	6	16	366
chr16	6	17	385
chr16	6	18	442
chr16	6	19	501
chr16	6	20	531
chr16	6	21	563
chr16	6	22	701
chr16	6	23	757
chr16	6	24	1085
chr16	6	25	1168
chr16	6	26	2039
chr16	6	27	2585
chr16	6	28	4106
chr16	6	29	4840
chr16	6	30	6132
chr16	6	31	7720
chr16	6	32	11563
chr16	6	33	15840
chr16	6	34	13629
chr16	6	35	11212
chr16	6	36	7419
chr16	6	37	5216
chr16	6	38	3625
chr16	6	39	2529
chr16	6	40	1859
chr16	6	41	1210
chr16	6	42	907
chr16	6	43	648
chr16	6	44	458
chr16	6	45	310
chr16	6	46	261
chr16	6	47	210
chr16	6	48	164
chr16	6	49	169
chr16	6	50	176
chr16	6	51	186
chr16	6	52	263
chr16	6	53	294
chr16	6	54	336
chr16	6	55	389
chr16	6	56	430
chr16	6	57	412
chr16	6	58	375
chr16	6	59	327
chr16	6	60	235
chr16	6	61	148
chr16	6	62	94
chr16	6	63	50
chr16	6	64	28
chr16	6	65	14
chr16	6	66	5
chr16	6	67	1
chr16	6	68	1
chr17	6	7	127
chr17	6	8	141
chr17	6	9	164
chr17	6	10	200
chr17	6	11	225
chr17	6	12	242
chr17	6	13	256
chr17	6	14	315
chr17	6	15	343
chr17	6	16	357
chr17	6	17	405
chr17	6	18	422
chr17	6	19	506
chr17	6	20	618
chr17	6	21	592
chr17	6	22	750
chr17	6	23	871
chr17	6	24	1094
chr17	6	25	1176
chr17	6	26	2073
chr17	6	27	2641
chr17	6	28	3854
chr17	6	29	4666
chr17	6	30	5870
chr17	6	31	7670
chr17	6	32	11409
chr17	6	33	15192
chr17	6	34	12746
chr17	6	35	10778
chr17	6	36	7037
chr17	6	37	5020
chr17	6	38	3450
chr17	6	39	2295
chr17	6	40	1750
chr17	6	41	1202
chr17	6	42	878
chr17	6	43	564
chr17	6	44	435
chr17	6	45	342
chr17	6	46	286
chr17	6	47	203
chr17	6	48	189
chr17	6	49	199
chr17	6	50	187
chr17	6	51	206
chr17	6	52	228
chr17	6	53	260
chr17	6	54	343
chr17	6	55	371
chr17	6	56	483
chr17	6	57	502
chr17	6	58	397
chr17	6	59	405
chr17	6	60	278
chr17	6	61	162
chr17	6	62	122
chr17	6	63	53
chr17	6	64	38
chr17	6	65	12
chr17	6	66	1
chr17	6	67	1
chr18	6	7	116
chr18	6	8	155
chr18	6	9	163
chr18	6	10	176
chr18	6	11	217
chr18	6	12	269
chr18	6	13	254
chr18	6	14	257
chr18	6	15	322
chr18	6	16	319
chr18	6	17	346
chr18	6	18	404
chr18	6	19	466
chr18	6	20	522
chr18	6	21	582
chr18	6	22	659
chr18	6	23	743
chr18	6	24	1104
chr18	6	25	1106
chr18	6	26	1954
chr18	6	27	2518
chr18	6	28	3927
chr18	6	29	4584
chr18	6	30	5863
chr18	6	31	7675
chr18	6	32	11544
chr18	6	33	15933
chr18	6	34	13380
chr18	6	35	11490
chr18	6	36	7454
chr18	6	37	5366
chr18	6	38	3629
chr18	6	39	2473
chr18	6	40	1817
chr18	6	41	1294
chr18	6	42	933
chr18	6	43	669
chr18	6	44	506
chr18	6	45	335
chr18	6	46	264
chr18	6	47	167
chr18	6	48	147
chr18	6	49	138
chr18	6	50	164
chr18	6	51	174
chr18	6	52	178
chr18	6	53	239
chr18	6	54	250
chr18	6	55	354
chr18	6	56	380
chr18	6	57	379
chr18	6	58	342
chr18	6	59	277
chr18	6	60	219
chr18	6	61	134
chr18	6	62	89
chr18	6	63	47
chr18	6	64	21
chr18	6	65	10
chr18	6	66	4
chr18	6	67	1
chr18	6	68	1
chr19	6	7	75
chr19	6	8	101
chr19	6	9	119
chr19	6	10	112
chr19	6	11	157
chr19	6	12	157
chr19	6	13	178
chr19	6	14	204
chr19	6	15	214
chr19	6	16	236
chr19	6	17	284
chr19	6	18	295
chr19	6	19	338
chr19	6	20	374
chr19	6	21	392
chr19	6	22	469
chr19	6	23	547
chr19	6	24	786
chr19	6	25	836
chr19	6	26	1332
chr19	6	27	1627
chr19	6	28	2561
chr19	6	29	2995
chr19	6	30	3927
chr19	6	31	5010
chr19	6	32	6965
chr19	6	33	9237
chr19	6	34	7760
chr19	6	35	6288
chr19	6	36	4344
chr19	6	37	3050
chr19	6	38	2132
chr19	6	39	1309
chr19	6	40	989
chr19	6	41	668
chr19	6	42	500
chr19	6	43	337
chr19	6	44	241
chr19	6	45	181
chr19	6	46	165
chr19	6	47	118
chr19	6	48	113
chr19	6	49	122
chr19	6	50	115
chr19	6	51	110
chr19	6	52	166
chr19	6	53	190
chr19	6	54	218
chr19	6	55	281
chr19	6	56	277
chr19	6	57	269
chr19	6	58	283
chr19	6	59	233
chr19	6	60	165
chr19	6	61	106
chr19	6	62	70
chr19	6	63	43
chr19	6	64	16
chr19	6	65	9
chr19	6	66	2
chr19	6	69	1
chr20	6	7	121
chr20	6	8	146
chr20	6	9	144
chr20	6	10	163
chr20	6	11	193
chr20	6	12	179
chr20	6	13	207
chr20	6	14	252
chr20	6	15	254
chr20	6	16	266
chr20	6	17	279
chr20	6	18	352
chr20	6	19	395
chr20	6	20	460
chr20	6	21	495
chr20	6	22	560
chr20	6	23	700
chr20	6	24	922
chr20	6	25	935
chr20	6	26	1761
chr20	6	27	2176
chr20	6	28	3345
chr20	6	29	3901
chr20	6	30	5143
chr20	6	31	6292
chr20	6	32	9852
chr20	6	33	13365
chr20	6	34	11306
chr20	6	35	9585
chr20	6	36	6339
chr20	6	37	4476
chr20	6	38	3036
chr20	6	39	2103
chr20	6	40	1533
chr20	6	41	1063
chr20	6	42	781
chr20	6	43	586
chr20	6	44	400
chr20	6	45	277
chr20	6	46	196
chr20	6	47	190
chr20	6	48	152
chr20	6	49	153
chr20	6	50	164
chr20	6	51	155
chr20	6	52	210
chr20	6	53	231
chr20	6	54	258
chr20	6	55	327
chr20	6	56	384
chr20	6	57	333
chr20	6	58	290
chr20	6	59	260
chr20	6	60	210
chr20	6	61	169
chr20	6	62	68
chr20	6	63	42
chr20	6	64	17
chr20	6	65	8
chr20	6	66	7
chr20	6	67	1
chr20	6	68	1
chr21	6	7	63
chr21	6	8	66
chr21	6	9	72
chr21	6	10	84
chr21	6	11	84
chr21	6	12	120
chr21	6	13	107
chr21	6	14	109
chr21	6	15	147
chr21	6	16	199
chr21	6	17	177
chr21	6	18	189
chr21	6	19	194
chr21	6	20	252
chr21	6	21	289
chr21	6	22	328
chr21	6	23	344
chr21	6	24	516
chr21	6	25	521
chr21	6	26	882
chr21	6	27	1113
chr21	6	28	1751
chr21	6	29	2105
chr21	6	30	2617
chr21	6	31	3451
chr21	6	32	5159
chr21	6	33	7136
chr21	6	34	6029
chr21	6	35	4932
chr21	6	36	3222
chr21	6	37	2368
chr21	6	38	1554
chr21	6	39	1114
chr21	6	40	776
chr21	6	41	531
chr21	6	42	411
chr21	6	43	257
chr21	6	44	217
chr21	6	45	150
chr21	6	46	91
chr21	6	47	77
chr21	6	48	87
chr21	6	49	68
chr21	6	50	62
chr21	6	51	78
chr21	6	52	89
chr21	6	53	114
chr21	6	54	140
chr21	6	55	166
chr21	6	56	173
chr21	6	57	222
chr21	6	58	151
chr21	6	59	116
chr21	6	60	85
chr21	6	61	74
chr21	6	62	41
chr21	6	63	24
chr21	6	64	16
chr21	6	65	2
chr21	6	66	3
chr21	6	67	1
chr22	6	7	66
chr22	6	8	78
chr22	6	9	80
chr22	6	10	77
chr22	6	11	126
chr22	6	12	139
chr22	6	13	149
chr22	6	14	138
chr22	6	15	145
chr22	6	16	158
chr22	6	17	175
chr22	6	18	215
chr22	6	19	206
chr22	6	20	286
chr22	6	21	296
chr22	6	22	328
chr22	6	23	382
chr22	6	24	551
chr22	6	25	540
chr22	6	26	946
chr22	6	27	1248
chr22	6	28	1901
chr22	6	29	2263
chr22	6	30	2807
chr22	6	31	3556
chr22	6	32	5209
chr22	6	33	7057
chr22	6	34	5975
chr22	6	35	4932
chr22	6	36	3317
chr22	6	37	2358
chr22	6	38	1601
chr22	6	39	1125
chr22	6	40	792
chr22	6	41	538
chr22	6	42	372
chr22	6	43	284
chr22	6	44	222
chr22	6	45	170
chr22	6	46	129
chr22	6	47	92
chr22	6	48	88
chr22	6	49	96
chr22	6	50	72
chr22	6	51	103
chr22	6	52	108
chr22	6	53	164
chr22	6	54	189
chr22	6	55	204
chr22	6	56	245
chr22	6	57	187
chr22	6	58	190
chr22	6	59	145
chr22	6	60	127
chr22	6	61	83
chr22	6	62	47
chr22	6	63	27
chr22	6	64	10
chr22	6	65	8
chr22	6	66	2
chrX	6	7	174
chrX	6	8	238
chrX	6	9	257
chrX	6	10	267
chrX	6	11	348
chrX	6	12	358
chrX	6	13	417
chrX	6	14	436
chrX	6	15	492
chrX	6	16	512
chrX	6	17	605
chrX	6	18	663
chrX	6	19	726
chrX	6	20	874
chrX	6	21	955
chrX	6	22	983
chrX	6	23	1169
chrX	6	24	1626
chrX	6	25	1717
chrX	6	26	2914
chrX	6	27	3950
chrX	6	28	6213
chrX	6	29	7416
chrX	6	30	9792
chrX	6	31	12837
chrX	6	32	19659
chrX	6	33	27473
chrX	6	34	23419
chrX	6	35	19602
chrX	6	36	12871
chrX	6	37	9246
chrX	6	38	6290
chrX	6	39	4206
chrX	6	40	3271
chrX	6	41	2186
chrX	6	42	1503
chrX	6	43	1029
chrX	6	44	762
chrX	6	45	567
chrX	6	46	399
chrX	6	47	318
chrX	6	48	253
chrX	6	49	254
chrX	6	50	265
chrX	6	51	270
chrX	6	52	325
chrX	6	53	424
chrX	6	54	500
chrX	6	55	560
chrX	6	56	559
chrX	6	57	594
chrX	6	58	561
chrX	6	59	435
chrX	6	60	318
chrX	6	61	205
chrX	6	62	127
chrX	6	63	75
chrX	6	64	37
chrX	6	65	12
chrX	6	66	7
chrX	6	67	2
chrX	6	69	2
chrY	6	7	1
chrY	6	9	2
chrY	6	10	1
chrY	6	12	4
chrY	6	13	2
chrY	6	15	4
chrY	6	16	3
chrY	6	17	1
chrY	6	18	6
chrY	6	19	4
chrY	6	20	3
chrY	6	21	5
chrY	6	22	5
chrY	6	23	8
chrY	6	24	16
chrY	6	25	14
chrY	6	26	25
chrY	6	27	36
chrY	6	28	48
chrY	6	29	61
chrY	6	30	48
chrY	6	31	71
chrY	6	32	63
chrY	6	33	74
chrY	6	34	59
chrY	6	35	48
chrY	6	36	24
chrY	6	37	20
chrY	6	38	9
chrY	6	39	4
chrY	6	40	5
chrY	6	41	6
chrY	6	42	5
chrY	6	43	4
chrY	6	44	1
chrY	6	46	1
chrY	6	47	2
chrY	6	48	1
chrY	6	49	1
chrY	6	50	1
chrY	6	52	1
chrY	6	53	2
chrY	6	55	2
chrY	6	56	2
chrY	6	58	1
chrY	6	59	3
chrY	6	60	1
chrM	6	23	2
chrM	6	27	2
chrM	6	28	1
chrM	6	33	1
chrM	6	35	1
