##Chromosome	MAQP	Length	ReadsNums
chr1	6	7	323
chr1	6	8	412
chr1	6	9	499
chr1	6	10	502
chr1	6	11	609
chr1	6	12	626
chr1	6	13	719
chr1	6	14	747
chr1	6	15	900
chr1	6	16	891
chr1	6	17	1044
chr1	6	18	1217
chr1	6	19	1352
chr1	6	20	1549
chr1	6	21	1731
chr1	6	22	2006
chr1	6	23	2331
chr1	6	24	3497
chr1	6	25	3320
chr1	6	26	6162
chr1	6	27	7810
chr1	6	28	12570
chr1	6	29	15078
chr1	6	30	18318
chr1	6	31	23723
chr1	6	32	34412
chr1	6	33	45640
chr1	6	34	37586
chr1	6	35	30226
chr1	6	36	20006
chr1	6	37	13832
chr1	6	38	9474
chr1	6	39	6351
chr1	6	40	4569
chr1	6	41	3143
chr1	6	42	2283
chr1	6	43	1539
chr1	6	44	1101
chr1	6	45	799
chr1	6	46	580
chr1	6	47	475
chr1	6	48	447
chr1	6	49	424
chr1	6	50	459
chr1	6	51	486
chr1	6	52	552
chr1	6	53	652
chr1	6	54	858
chr1	6	55	1014
chr1	6	56	1001
chr1	6	57	1005
chr1	6	58	913
chr1	6	59	748
chr1	6	60	544
chr1	6	61	375
chr1	6	62	231
chr1	6	63	120
chr1	6	64	63
chr1	6	65	22
chr1	6	66	5
chr2	6	7	364
chr2	6	8	441
chr2	6	9	502
chr2	6	10	526
chr2	6	11	609
chr2	6	12	698
chr2	6	13	761
chr2	6	14	771
chr2	6	15	939
chr2	6	16	993
chr2	6	17	1162
chr2	6	18	1244
chr2	6	19	1349
chr2	6	20	1620
chr2	6	21	1739
chr2	6	22	2136
chr2	6	23	2373
chr2	6	24	3578
chr2	6	25	3629
chr2	6	26	6546
chr2	6	27	8213
chr2	6	28	13425
chr2	6	29	15839
chr2	6	30	19682
chr2	6	31	24846
chr2	6	32	36488
chr2	6	33	48818
chr2	6	34	39967
chr2	6	35	32738
chr2	6	36	21235
chr2	6	37	15003
chr2	6	38	10040
chr2	6	39	6783
chr2	6	40	5006
chr2	6	41	3354
chr2	6	42	2426
chr2	6	43	1716
chr2	6	44	1195
chr2	6	45	867
chr2	6	46	657
chr2	6	47	484
chr2	6	48	472
chr2	6	49	411
chr2	6	50	440
chr2	6	51	473
chr2	6	52	539
chr2	6	53	709
chr2	6	54	793
chr2	6	55	950
chr2	6	56	1038
chr2	6	57	1074
chr2	6	58	923
chr2	6	59	762
chr2	6	60	576
chr2	6	61	378
chr2	6	62	226
chr2	6	63	133
chr2	6	64	51
chr2	6	65	18
chr2	6	66	10
chr2	6	67	4
chr2	6	68	1
chr3	6	7	306
chr3	6	8	335
chr3	6	9	353
chr3	6	10	481
chr3	6	11	530
chr3	6	12	571
chr3	6	13	615
chr3	6	14	652
chr3	6	15	740
chr3	6	16	832
chr3	6	17	911
chr3	6	18	1012
chr3	6	19	1078
chr3	6	20	1311
chr3	6	21	1434
chr3	6	22	1725
chr3	6	23	1961
chr3	6	24	3022
chr3	6	25	2878
chr3	6	26	5335
chr3	6	27	6838
chr3	6	28	11137
chr3	6	29	12763
chr3	6	30	16081
chr3	6	31	20505
chr3	6	32	30123
chr3	6	33	40217
chr3	6	34	32550
chr3	6	35	26484
chr3	6	36	17582
chr3	6	37	12396
chr3	6	38	8198
chr3	6	39	5696
chr3	6	40	4022
chr3	6	41	2733
chr3	6	42	2016
chr3	6	43	1376
chr3	6	44	1000
chr3	6	45	735
chr3	6	46	531
chr3	6	47	412
chr3	6	48	388
chr3	6	49	356
chr3	6	50	344
chr3	6	51	381
chr3	6	52	461
chr3	6	53	547
chr3	6	54	618
chr3	6	55	790
chr3	6	56	822
chr3	6	57	837
chr3	6	58	750
chr3	6	59	600
chr3	6	60	455
chr3	6	61	315
chr3	6	62	176
chr3	6	63	99
chr3	6	64	50
chr3	6	65	22
chr3	6	66	5
chr3	6	67	2
chr4	6	7	273
chr4	6	8	304
chr4	6	9	342
chr4	6	10	405
chr4	6	11	499
chr4	6	12	500
chr4	6	13	542
chr4	6	14	594
chr4	6	15	665
chr4	6	16	725
chr4	6	17	840
chr4	6	18	928
chr4	6	19	1066
chr4	6	20	1146
chr4	6	21	1319
chr4	6	22	1638
chr4	6	23	1736
chr4	6	24	2639
chr4	6	25	2678
chr4	6	26	4967
chr4	6	27	6175
chr4	6	28	10110
chr4	6	29	11763
chr4	6	30	14841
chr4	6	31	18582
chr4	6	32	27639
chr4	6	33	37351
chr4	6	34	30453
chr4	6	35	24915
chr4	6	36	16109
chr4	6	37	11412
chr4	6	38	7840
chr4	6	39	5138
chr4	6	40	3804
chr4	6	41	2382
chr4	6	42	1876
chr4	6	43	1285
chr4	6	44	863
chr4	6	45	586
chr4	6	46	477
chr4	6	47	384
chr4	6	48	324
chr4	6	49	304
chr4	6	50	332
chr4	6	51	340
chr4	6	52	378
chr4	6	53	463
chr4	6	54	617
chr4	6	55	642
chr4	6	56	747
chr4	6	57	721
chr4	6	58	631
chr4	6	59	549
chr4	6	60	363
chr4	6	61	267
chr4	6	62	162
chr4	6	63	87
chr4	6	64	27
chr4	6	65	16
chr4	6	66	8
chr4	6	67	6
chr5	6	7	268
chr5	6	8	352
chr5	6	9	338
chr5	6	10	373
chr5	6	11	459
chr5	6	12	486
chr5	6	13	557
chr5	6	14	607
chr5	6	15	655
chr5	6	16	744
chr5	6	17	794
chr5	6	18	962
chr5	6	19	1074
chr5	6	20	1208
chr5	6	21	1323
chr5	6	22	1541
chr5	6	23	1701
chr5	6	24	2628
chr5	6	25	2605
chr5	6	26	4703
chr5	6	27	6175
chr5	6	28	9788
chr5	6	29	11508
chr5	6	30	14383
chr5	6	31	18202
chr5	6	32	26885
chr5	6	33	35983
chr5	6	34	29230
chr5	6	35	24092
chr5	6	36	15794
chr5	6	37	11012
chr5	6	38	7447
chr5	6	39	5149
chr5	6	40	3715
chr5	6	41	2421
chr5	6	42	1784
chr5	6	43	1167
chr5	6	44	896
chr5	6	45	671
chr5	6	46	447
chr5	6	47	355
chr5	6	48	326
chr5	6	49	296
chr5	6	50	291
chr5	6	51	324
chr5	6	52	394
chr5	6	53	526
chr5	6	54	601
chr5	6	55	690
chr5	6	56	745
chr5	6	57	691
chr5	6	58	610
chr5	6	59	531
chr5	6	60	374
chr5	6	61	261
chr5	6	62	149
chr5	6	63	79
chr5	6	64	45
chr5	6	65	16
chr5	6	66	7
chr5	6	67	2
chr6	6	7	254
chr6	6	8	321
chr6	6	9	310
chr6	6	10	364
chr6	6	11	419
chr6	6	12	484
chr6	6	13	513
chr6	6	14	565
chr6	6	15	651
chr6	6	16	647
chr6	6	17	739
chr6	6	18	885
chr6	6	19	932
chr6	6	20	1115
chr6	6	21	1299
chr6	6	22	1449
chr6	6	23	1690
chr6	6	24	2570
chr6	6	25	2452
chr6	6	26	4667
chr6	6	27	5926
chr6	6	28	9602
chr6	6	29	11069
chr6	6	30	13862
chr6	6	31	17400
chr6	6	32	25325
chr6	6	33	34218
chr6	6	34	27856
chr6	6	35	22762
chr6	6	36	14690
chr6	6	37	10527
chr6	6	38	7105
chr6	6	39	4687
chr6	6	40	3464
chr6	6	41	2365
chr6	6	42	1736
chr6	6	43	1190
chr6	6	44	822
chr6	6	45	577
chr6	6	46	465
chr6	6	47	358
chr6	6	48	317
chr6	6	49	305
chr6	6	50	254
chr6	6	51	335
chr6	6	52	358
chr6	6	53	462
chr6	6	54	567
chr6	6	55	636
chr6	6	56	704
chr6	6	57	721
chr6	6	58	626
chr6	6	59	461
chr6	6	60	373
chr6	6	61	247
chr6	6	62	186
chr6	6	63	83
chr6	6	64	43
chr6	6	65	17
chr6	6	66	9
chr6	6	67	5
chr6	6	68	2
chr7	6	7	224
chr7	6	8	284
chr7	6	9	326
chr7	6	10	336
chr7	6	11	374
chr7	6	12	436
chr7	6	13	462
chr7	6	14	524
chr7	6	15	570
chr7	6	16	680
chr7	6	17	695
chr7	6	18	796
chr7	6	19	870
chr7	6	20	1012
chr7	6	21	1142
chr7	6	22	1280
chr7	6	23	1472
chr7	6	24	2197
chr7	6	25	2130
chr7	6	26	3971
chr7	6	27	5180
chr7	6	28	8154
chr7	6	29	9790
chr7	6	30	11931
chr7	6	31	15291
chr7	6	32	22225
chr7	6	33	29942
chr7	6	34	24596
chr7	6	35	19794
chr7	6	36	13178
chr7	6	37	9362
chr7	6	38	6166
chr7	6	39	4306
chr7	6	40	3087
chr7	6	41	2010
chr7	6	42	1497
chr7	6	43	955
chr7	6	44	692
chr7	6	45	506
chr7	6	46	437
chr7	6	47	304
chr7	6	48	265
chr7	6	49	264
chr7	6	50	251
chr7	6	51	271
chr7	6	52	351
chr7	6	53	385
chr7	6	54	485
chr7	6	55	543
chr7	6	56	618
chr7	6	57	617
chr7	6	58	576
chr7	6	59	486
chr7	6	60	342
chr7	6	61	225
chr7	6	62	119
chr7	6	63	64
chr7	6	64	26
chr7	6	65	23
chr7	6	66	8
chr7	6	67	1
chr8	6	7	229
chr8	6	8	253
chr8	6	9	296
chr8	6	10	328
chr8	6	11	384
chr8	6	12	445
chr8	6	13	459
chr8	6	14	496
chr8	6	15	571
chr8	6	16	640
chr8	6	17	674
chr8	6	18	792
chr8	6	19	861
chr8	6	20	991
chr8	6	21	1065
chr8	6	22	1280
chr8	6	23	1414
chr8	6	24	2154
chr8	6	25	2125
chr8	6	26	3882
chr8	6	27	5017
chr8	6	28	8069
chr8	6	29	9318
chr8	6	30	11839
chr8	6	31	15394
chr8	6	32	22346
chr8	6	33	30074
chr8	6	34	24393
chr8	6	35	20133
chr8	6	36	13124
chr8	6	37	9275
chr8	6	38	6359
chr8	6	39	4147
chr8	6	40	3133
chr8	6	41	2130
chr8	6	42	1542
chr8	6	43	1043
chr8	6	44	774
chr8	6	45	501
chr8	6	46	393
chr8	6	47	300
chr8	6	48	273
chr8	6	49	227
chr8	6	50	251
chr8	6	51	288
chr8	6	52	358
chr8	6	53	418
chr8	6	54	475
chr8	6	55	543
chr8	6	56	558
chr8	6	57	553
chr8	6	58	511
chr8	6	59	449
chr8	6	60	326
chr8	6	61	217
chr8	6	62	136
chr8	6	63	47
chr8	6	64	31
chr8	6	65	8
chr8	6	66	6
chr8	6	67	2
chr8	6	71	1
chr9	6	7	180
chr9	6	8	219
chr9	6	9	230
chr9	6	10	237
chr9	6	11	284
chr9	6	12	299
chr9	6	13	362
chr9	6	14	377
chr9	6	15	439
chr9	6	16	458
chr9	6	17	479
chr9	6	18	607
chr9	6	19	659
chr9	6	20	786
chr9	6	21	863
chr9	6	22	991
chr9	6	23	1109
chr9	6	24	1640
chr9	6	25	1725
chr9	6	26	3073
chr9	6	27	3901
chr9	6	28	6360
chr9	6	29	7557
chr9	6	30	9154
chr9	6	31	11647
chr9	6	32	17110
chr9	6	33	22840
chr9	6	34	18742
chr9	6	35	14974
chr9	6	36	9932
chr9	6	37	6982
chr9	6	38	4660
chr9	6	39	3155
chr9	6	40	2348
chr9	6	41	1518
chr9	6	42	1127
chr9	6	43	785
chr9	6	44	556
chr9	6	45	399
chr9	6	46	325
chr9	6	47	212
chr9	6	48	222
chr9	6	49	195
chr9	6	50	221
chr9	6	51	236
chr9	6	52	274
chr9	6	53	334
chr9	6	54	345
chr9	6	55	416
chr9	6	56	523
chr9	6	57	496
chr9	6	58	445
chr9	6	59	373
chr9	6	60	260
chr9	6	61	178
chr9	6	62	102
chr9	6	63	52
chr9	6	64	30
chr9	6	65	10
chr9	6	66	5
chr9	6	67	1
chr9	6	68	3
chr9	6	69	1
chr10	6	7	200
chr10	6	8	246
chr10	6	9	269
chr10	6	10	324
chr10	6	11	378
chr10	6	12	383
chr10	6	13	445
chr10	6	14	488
chr10	6	15	510
chr10	6	16	571
chr10	6	17	662
chr10	6	18	725
chr10	6	19	801
chr10	6	20	904
chr10	6	21	1001
chr10	6	22	1255
chr10	6	23	1355
chr10	6	24	2002
chr10	6	25	2017
chr10	6	26	3589
chr10	6	27	4708
chr10	6	28	7484
chr10	6	29	8773
chr10	6	30	10881
chr10	6	31	13963
chr10	6	32	20188
chr10	6	33	27030
chr10	6	34	22493
chr10	6	35	17989
chr10	6	36	12084
chr10	6	37	8286
chr10	6	38	5721
chr10	6	39	3785
chr10	6	40	2783
chr10	6	41	1933
chr10	6	42	1329
chr10	6	43	932
chr10	6	44	667
chr10	6	45	487
chr10	6	46	348
chr10	6	47	291
chr10	6	48	233
chr10	6	49	261
chr10	6	50	239
chr10	6	51	266
chr10	6	52	313
chr10	6	53	408
chr10	6	54	493
chr10	6	55	564
chr10	6	56	571
chr10	6	57	572
chr10	6	58	611
chr10	6	59	465
chr10	6	60	316
chr10	6	61	188
chr10	6	62	121
chr10	6	63	78
chr10	6	64	31
chr10	6	65	17
chr10	6	66	9
chr10	6	67	3
chr10	6	68	2
chr10	6	70	1
chr11	6	7	188
chr11	6	8	224
chr11	6	9	260
chr11	6	10	305
chr11	6	11	348
chr11	6	12	401
chr11	6	13	450
chr11	6	14	459
chr11	6	15	486
chr11	6	16	557
chr11	6	17	598
chr11	6	18	725
chr11	6	19	785
chr11	6	20	937
chr11	6	21	1044
chr11	6	22	1175
chr11	6	23	1337
chr11	6	24	1987
chr11	6	25	1931
chr11	6	26	3513
chr11	6	27	4654
chr11	6	28	7457
chr11	6	29	8661
chr11	6	30	10891
chr11	6	31	13952
chr11	6	32	20093
chr11	6	33	26776
chr11	6	34	22223
chr11	6	35	18319
chr11	6	36	11876
chr11	6	37	8259
chr11	6	38	5715
chr11	6	39	3791
chr11	6	40	2712
chr11	6	41	1889
chr11	6	42	1366
chr11	6	43	899
chr11	6	44	666
chr11	6	45	474
chr11	6	46	337
chr11	6	47	292
chr11	6	48	241
chr11	6	49	272
chr11	6	50	248
chr11	6	51	287
chr11	6	52	298
chr11	6	53	398
chr11	6	54	471
chr11	6	55	552
chr11	6	56	595
chr11	6	57	573
chr11	6	58	512
chr11	6	59	402
chr11	6	60	320
chr11	6	61	215
chr11	6	62	134
chr11	6	63	72
chr11	6	64	39
chr11	6	65	13
chr11	6	66	7
chr11	6	67	2
chr12	6	7	173
chr12	6	8	231
chr12	6	9	273
chr12	6	10	306
chr12	6	11	343
chr12	6	12	359
chr12	6	13	427
chr12	6	14	412
chr12	6	15	486
chr12	6	16	570
chr12	6	17	575
chr12	6	18	708
chr12	6	19	755
chr12	6	20	895
chr12	6	21	999
chr12	6	22	1137
chr12	6	23	1316
chr12	6	24	2019
chr12	6	25	1963
chr12	6	26	3650
chr12	6	27	4507
chr12	6	28	7340
chr12	6	29	8528
chr12	6	30	10507
chr12	6	31	13556
chr12	6	32	19595
chr12	6	33	26008
chr12	6	34	21762
chr12	6	35	17754
chr12	6	36	11473
chr12	6	37	8114
chr12	6	38	5276
chr12	6	39	3700
chr12	6	40	2648
chr12	6	41	1824
chr12	6	42	1338
chr12	6	43	863
chr12	6	44	657
chr12	6	45	459
chr12	6	46	347
chr12	6	47	278
chr12	6	48	261
chr12	6	49	219
chr12	6	50	268
chr12	6	51	289
chr12	6	52	311
chr12	6	53	377
chr12	6	54	460
chr12	6	55	533
chr12	6	56	595
chr12	6	57	566
chr12	6	58	547
chr12	6	59	416
chr12	6	60	344
chr12	6	61	196
chr12	6	62	132
chr12	6	63	61
chr12	6	64	33
chr12	6	65	17
chr12	6	66	6
chr12	6	67	2
chr12	6	68	1
chr13	6	7	137
chr13	6	8	154
chr13	6	9	191
chr13	6	10	218
chr13	6	11	254
chr13	6	12	288
chr13	6	13	294
chr13	6	14	307
chr13	6	15	357
chr13	6	16	406
chr13	6	17	428
chr13	6	18	509
chr13	6	19	547
chr13	6	20	646
chr13	6	21	656
chr13	6	22	812
chr13	6	23	993
chr13	6	24	1392
chr13	6	25	1357
chr13	6	26	2625
chr13	6	27	3244
chr13	6	28	5346
chr13	6	29	6208
chr13	6	30	7901
chr13	6	31	9783
chr13	6	32	14491
chr13	6	33	19622
chr13	6	34	15990
chr13	6	35	12880
chr13	6	36	8571
chr13	6	37	5889
chr13	6	38	4104
chr13	6	39	2680
chr13	6	40	1980
chr13	6	41	1296
chr13	6	42	963
chr13	6	43	659
chr13	6	44	471
chr13	6	45	345
chr13	6	46	274
chr13	6	47	165
chr13	6	48	151
chr13	6	49	174
chr13	6	50	169
chr13	6	51	194
chr13	6	52	221
chr13	6	53	254
chr13	6	54	303
chr13	6	55	351
chr13	6	56	400
chr13	6	57	382
chr13	6	58	356
chr13	6	59	308
chr13	6	60	223
chr13	6	61	158
chr13	6	62	76
chr13	6	63	45
chr13	6	64	27
chr13	6	65	8
chr13	6	66	3
chr14	6	7	141
chr14	6	8	152
chr14	6	9	186
chr14	6	10	196
chr14	6	11	253
chr14	6	12	237
chr14	6	13	280
chr14	6	14	289
chr14	6	15	335
chr14	6	16	365
chr14	6	17	412
chr14	6	18	489
chr14	6	19	507
chr14	6	20	654
chr14	6	21	667
chr14	6	22	820
chr14	6	23	885
chr14	6	24	1372
chr14	6	25	1408
chr14	6	26	2441
chr14	6	27	3083
chr14	6	28	4920
chr14	6	29	5729
chr14	6	30	7275
chr14	6	31	9365
chr14	6	32	13548
chr14	6	33	18194
chr14	6	34	14762
chr14	6	35	11935
chr14	6	36	7806
chr14	6	37	5544
chr14	6	38	3691
chr14	6	39	2462
chr14	6	40	1868
chr14	6	41	1263
chr14	6	42	842
chr14	6	43	602
chr14	6	44	414
chr14	6	45	319
chr14	6	46	225
chr14	6	47	189
chr14	6	48	177
chr14	6	49	156
chr14	6	50	155
chr14	6	51	182
chr14	6	52	205
chr14	6	53	287
chr14	6	54	304
chr14	6	55	380
chr14	6	56	396
chr14	6	57	381
chr14	6	58	368
chr14	6	59	283
chr14	6	60	208
chr14	6	61	149
chr14	6	62	81
chr14	6	63	49
chr14	6	64	17
chr14	6	65	11
chr14	6	66	4
chr14	6	67	1
chr14	6	68	1
chr15	6	7	108
chr15	6	8	155
chr15	6	9	154
chr15	6	10	193
chr15	6	11	234
chr15	6	12	256
chr15	6	13	237
chr15	6	14	252
chr15	6	15	319
chr15	6	16	350
chr15	6	17	363
chr15	6	18	433
chr15	6	19	486
chr15	6	20	506
chr15	6	21	610
chr15	6	22	681
chr15	6	23	781
chr15	6	24	1211
chr15	6	25	1190
chr15	6	26	2120
chr15	6	27	2826
chr15	6	28	4549
chr15	6	29	5232
chr15	6	30	6665
chr15	6	31	8393
chr15	6	32	12388
chr15	6	33	16393
chr15	6	34	13358
chr15	6	35	10901
chr15	6	36	7148
chr15	6	37	4937
chr15	6	38	3392
chr15	6	39	2250
chr15	6	40	1586
chr15	6	41	1143
chr15	6	42	824
chr15	6	43	531
chr15	6	44	403
chr15	6	45	275
chr15	6	46	196
chr15	6	47	161
chr15	6	48	170
chr15	6	49	166
chr15	6	50	172
chr15	6	51	180
chr15	6	52	217
chr15	6	53	223
chr15	6	54	303
chr15	6	55	319
chr15	6	56	376
chr15	6	57	374
chr15	6	58	351
chr15	6	59	305
chr15	6	60	187
chr15	6	61	136
chr15	6	62	83
chr15	6	63	47
chr15	6	64	15
chr15	6	65	4
chr15	6	66	5
chr15	6	69	1
chr16	6	7	111
chr16	6	8	155
chr16	6	9	153
chr16	6	10	195
chr16	6	11	224
chr16	6	12	211
chr16	6	13	246
chr16	6	14	249
chr16	6	15	301
chr16	6	16	332
chr16	6	17	354
chr16	6	18	429
chr16	6	19	458
chr16	6	20	564
chr16	6	21	598
chr16	6	22	752
chr16	6	23	822
chr16	6	24	1173
chr16	6	25	1222
chr16	6	26	2186
chr16	6	27	2833
chr16	6	28	4477
chr16	6	29	5300
chr16	6	30	6360
chr16	6	31	8341
chr16	6	32	11851
chr16	6	33	15736
chr16	6	34	13222
chr16	6	35	10540
chr16	6	36	6834
chr16	6	37	4906
chr16	6	38	3309
chr16	6	39	2320
chr16	6	40	1597
chr16	6	41	1101
chr16	6	42	750
chr16	6	43	569
chr16	6	44	411
chr16	6	45	292
chr16	6	46	237
chr16	6	47	173
chr16	6	48	162
chr16	6	49	162
chr16	6	50	172
chr16	6	51	170
chr16	6	52	208
chr16	6	53	243
chr16	6	54	300
chr16	6	55	323
chr16	6	56	382
chr16	6	57	328
chr16	6	58	338
chr16	6	59	284
chr16	6	60	192
chr16	6	61	121
chr16	6	62	61
chr16	6	63	30
chr16	6	64	15
chr16	6	65	8
chr16	6	66	4
chr17	6	7	116
chr17	6	8	146
chr17	6	9	159
chr17	6	10	180
chr17	6	11	207
chr17	6	12	223
chr17	6	13	241
chr17	6	14	303
chr17	6	15	313
chr17	6	16	329
chr17	6	17	377
chr17	6	18	466
chr17	6	19	471
chr17	6	20	583
chr17	6	21	640
chr17	6	22	771
chr17	6	23	799
chr17	6	24	1217
chr17	6	25	1235
chr17	6	26	2177
chr17	6	27	2789
chr17	6	28	4456
chr17	6	29	5202
chr17	6	30	6277
chr17	6	31	7894
chr17	6	32	11686
chr17	6	33	14874
chr17	6	34	12323
chr17	6	35	10039
chr17	6	36	6505
chr17	6	37	4526
chr17	6	38	3075
chr17	6	39	2097
chr17	6	40	1511
chr17	6	41	1035
chr17	6	42	732
chr17	6	43	520
chr17	6	44	370
chr17	6	45	286
chr17	6	46	190
chr17	6	47	173
chr17	6	48	148
chr17	6	49	156
chr17	6	50	160
chr17	6	51	174
chr17	6	52	207
chr17	6	53	226
chr17	6	54	331
chr17	6	55	371
chr17	6	56	354
chr17	6	57	380
chr17	6	58	357
chr17	6	59	303
chr17	6	60	237
chr17	6	61	133
chr17	6	62	107
chr17	6	63	42
chr17	6	64	29
chr17	6	65	11
chr17	6	66	4
chr17	6	68	2
chr18	6	7	117
chr18	6	8	151
chr18	6	9	170
chr18	6	10	178
chr18	6	11	195
chr18	6	12	206
chr18	6	13	235
chr18	6	14	261
chr18	6	15	303
chr18	6	16	307
chr18	6	17	355
chr18	6	18	417
chr18	6	19	438
chr18	6	20	526
chr18	6	21	574
chr18	6	22	704
chr18	6	23	781
chr18	6	24	1186
chr18	6	25	1129
chr18	6	26	2099
chr18	6	27	2662
chr18	6	28	4369
chr18	6	29	5048
chr18	6	30	6251
chr18	6	31	8084
chr18	6	32	11800
chr18	6	33	16054
chr18	6	34	13148
chr18	6	35	10672
chr18	6	36	6960
chr18	6	37	4890
chr18	6	38	3412
chr18	6	39	2351
chr18	6	40	1697
chr18	6	41	1127
chr18	6	42	892
chr18	6	43	542
chr18	6	44	365
chr18	6	45	280
chr18	6	46	203
chr18	6	47	172
chr18	6	48	135
chr18	6	49	130
chr18	6	50	151
chr18	6	51	127
chr18	6	52	181
chr18	6	53	200
chr18	6	54	242
chr18	6	55	256
chr18	6	56	321
chr18	6	57	322
chr18	6	58	293
chr18	6	59	226
chr18	6	60	166
chr18	6	61	124
chr18	6	62	53
chr18	6	63	38
chr18	6	64	19
chr18	6	65	6
chr18	6	66	3
chr18	6	67	1
chr18	6	68	2
chr19	6	7	78
chr19	6	8	75
chr19	6	9	112
chr19	6	10	116
chr19	6	11	134
chr19	6	12	165
chr19	6	13	203
chr19	6	14	193
chr19	6	15	211
chr19	6	16	226
chr19	6	17	235
chr19	6	18	297
chr19	6	19	344
chr19	6	20	422
chr19	6	21	449
chr19	6	22	467
chr19	6	23	555
chr19	6	24	797
chr19	6	25	810
chr19	6	26	1387
chr19	6	27	1788
chr19	6	28	2887
chr19	6	29	3242
chr19	6	30	3937
chr19	6	31	5220
chr19	6	32	7119
chr19	6	33	9318
chr19	6	34	7761
chr19	6	35	6023
chr19	6	36	4129
chr19	6	37	2698
chr19	6	38	1894
chr19	6	39	1260
chr19	6	40	909
chr19	6	41	628
chr19	6	42	440
chr19	6	43	257
chr19	6	44	214
chr19	6	45	162
chr19	6	46	127
chr19	6	47	100
chr19	6	48	85
chr19	6	49	100
chr19	6	50	99
chr19	6	51	92
chr19	6	52	138
chr19	6	53	169
chr19	6	54	201
chr19	6	55	228
chr19	6	56	274
chr19	6	57	236
chr19	6	58	217
chr19	6	59	198
chr19	6	60	155
chr19	6	61	89
chr19	6	62	63
chr19	6	63	24
chr19	6	64	16
chr19	6	65	2
chr19	6	66	1
chr19	6	67	3
chr19	6	69	1
chr20	6	7	114
chr20	6	8	125
chr20	6	9	143
chr20	6	10	152
chr20	6	11	172
chr20	6	12	167
chr20	6	13	214
chr20	6	14	233
chr20	6	15	281
chr20	6	16	307
chr20	6	17	323
chr20	6	18	355
chr20	6	19	387
chr20	6	20	436
chr20	6	21	501
chr20	6	22	585
chr20	6	23	723
chr20	6	24	1031
chr20	6	25	1034
chr20	6	26	1803
chr20	6	27	2302
chr20	6	28	3656
chr20	6	29	4252
chr20	6	30	5378
chr20	6	31	6707
chr20	6	32	10177
chr20	6	33	13221
chr20	6	34	11003
chr20	6	35	8972
chr20	6	36	5906
chr20	6	37	4065
chr20	6	38	2731
chr20	6	39	1924
chr20	6	40	1411
chr20	6	41	925
chr20	6	42	663
chr20	6	43	440
chr20	6	44	310
chr20	6	45	255
chr20	6	46	172
chr20	6	47	142
chr20	6	48	131
chr20	6	49	134
chr20	6	50	139
chr20	6	51	148
chr20	6	52	166
chr20	6	53	183
chr20	6	54	226
chr20	6	55	264
chr20	6	56	322
chr20	6	57	306
chr20	6	58	302
chr20	6	59	228
chr20	6	60	171
chr20	6	61	111
chr20	6	62	52
chr20	6	63	34
chr20	6	64	14
chr20	6	65	2
chr20	6	66	7
chr20	6	67	2
chr21	6	7	68
chr21	6	8	91
chr21	6	9	74
chr21	6	10	80
chr21	6	11	101
chr21	6	12	97
chr21	6	13	124
chr21	6	14	122
chr21	6	15	137
chr21	6	16	144
chr21	6	17	179
chr21	6	18	169
chr21	6	19	202
chr21	6	20	246
chr21	6	21	234
chr21	6	22	289
chr21	6	23	339
chr21	6	24	498
chr21	6	25	504
chr21	6	26	964
chr21	6	27	1216
chr21	6	28	1902
chr21	6	29	2267
chr21	6	30	2702
chr21	6	31	3521
chr21	6	32	5314
chr21	6	33	6995
chr21	6	34	5792
chr21	6	35	4816
chr21	6	36	3096
chr21	6	37	2233
chr21	6	38	1328
chr21	6	39	930
chr21	6	40	699
chr21	6	41	504
chr21	6	42	334
chr21	6	43	251
chr21	6	44	146
chr21	6	45	122
chr21	6	46	84
chr21	6	47	70
chr21	6	48	73
chr21	6	49	54
chr21	6	50	79
chr21	6	51	76
chr21	6	52	73
chr21	6	53	77
chr21	6	54	116
chr21	6	55	135
chr21	6	56	135
chr21	6	57	157
chr21	6	58	143
chr21	6	59	124
chr21	6	60	80
chr21	6	61	57
chr21	6	62	30
chr21	6	63	31
chr21	6	64	6
chr21	6	65	3
chr21	6	66	2
chr21	6	67	1
chr21	6	68	1
chr22	6	7	68
chr22	6	8	56
chr22	6	9	87
chr22	6	10	66
chr22	6	11	129
chr22	6	12	129
chr22	6	13	129
chr22	6	14	134
chr22	6	15	160
chr22	6	16	167
chr22	6	17	163
chr22	6	18	182
chr22	6	19	215
chr22	6	20	262
chr22	6	21	301
chr22	6	22	360
chr22	6	23	367
chr22	6	24	546
chr22	6	25	551
chr22	6	26	933
chr22	6	27	1242
chr22	6	28	2019
chr22	6	29	2356
chr22	6	30	2858
chr22	6	31	3769
chr22	6	32	5406
chr22	6	33	6830
chr22	6	34	5830
chr22	6	35	4713
chr22	6	36	3120
chr22	6	37	2200
chr22	6	38	1489
chr22	6	39	1007
chr22	6	40	670
chr22	6	41	445
chr22	6	42	368
chr22	6	43	248
chr22	6	44	165
chr22	6	45	124
chr22	6	46	90
chr22	6	47	64
chr22	6	48	84
chr22	6	49	81
chr22	6	50	68
chr22	6	51	82
chr22	6	52	110
chr22	6	53	128
chr22	6	54	126
chr22	6	55	191
chr22	6	56	174
chr22	6	57	188
chr22	6	58	172
chr22	6	59	122
chr22	6	60	101
chr22	6	61	65
chr22	6	62	35
chr22	6	63	20
chr22	6	64	10
chr22	6	65	5
chrX	6	7	197
chrX	6	8	232
chrX	6	9	261
chrX	6	10	298
chrX	6	11	318
chrX	6	12	385
chrX	6	13	385
chrX	6	14	444
chrX	6	15	484
chrX	6	16	552
chrX	6	17	574
chrX	6	18	722
chrX	6	19	687
chrX	6	20	835
chrX	6	21	994
chrX	6	22	1163
chrX	6	23	1294
chrX	6	24	1857
chrX	6	25	1762
chrX	6	26	3317
chrX	6	27	4325
chrX	6	28	6987
chrX	6	29	8271
chrX	6	30	10864
chrX	6	31	13630
chrX	6	32	20307
chrX	6	33	27592
chrX	6	34	22635
chrX	6	35	18478
chrX	6	36	11942
chrX	6	37	8602
chrX	6	38	5716
chrX	6	39	3832
chrX	6	40	2773
chrX	6	41	1915
chrX	6	42	1304
chrX	6	43	910
chrX	6	44	651
chrX	6	45	486
chrX	6	46	336
chrX	6	47	284
chrX	6	48	244
chrX	6	49	214
chrX	6	50	215
chrX	6	51	253
chrX	6	52	303
chrX	6	53	311
chrX	6	54	434
chrX	6	55	481
chrX	6	56	512
chrX	6	57	523
chrX	6	58	461
chrX	6	59	382
chrX	6	60	275
chrX	6	61	187
chrX	6	62	101
chrX	6	63	46
chrX	6	64	27
chrX	6	65	13
chrX	6	66	7
chrX	6	69	2
chrY	6	7	2
chrY	6	8	2
chrY	6	10	3
chrY	6	11	1
chrY	6	12	1
chrY	6	13	2
chrY	6	14	4
chrY	6	15	2
chrY	6	16	2
chrY	6	18	5
chrY	6	19	4
chrY	6	20	3
chrY	6	21	4
chrY	6	22	6
chrY	6	23	13
chrY	6	24	24
chrY	6	25	21
chrY	6	26	37
chrY	6	27	37
chrY	6	28	48
chrY	6	29	44
chrY	6	30	36
chrY	6	31	42
chrY	6	32	51
chrY	6	33	56
chrY	6	34	49
chrY	6	35	37
chrY	6	36	15
chrY	6	37	18
chrY	6	38	13
chrY	6	39	7
chrY	6	40	3
chrY	6	41	6
chrY	6	42	2
chrY	6	43	2
chrY	6	45	1
chrY	6	46	2
chrY	6	49	1
chrY	6	50	3
chrY	6	51	1
chrY	6	53	1
chrY	6	54	1
chrY	6	55	3
chrY	6	56	1
chrY	6	57	1
chrY	6	60	1
chrY	6	62	1
chrM	6	15	1
chrM	6	22	1
chrM	6	23	3
chrM	6	26	1
chrM	6	27	1
chrM	6	29	1
chrM	6	32	1
chrM	6	33	2
chrM	6	35	2
chrM	6	41	1
