##Chromosome	MAQP	Length	ReadsNums
chr1	6	7	471
chr1	6	8	612
chr1	6	9	735
chr1	6	10	783
chr1	6	11	860
chr1	6	12	949
chr1	6	13	1095
chr1	6	14	1264
chr1	6	15	1351
chr1	6	16	1510
chr1	6	17	1609
chr1	6	18	1957
chr1	6	19	2064
chr1	6	20	2488
chr1	6	21	2687
chr1	6	22	3188
chr1	6	23	3668
chr1	6	24	5379
chr1	6	25	5033
chr1	6	26	8796
chr1	6	27	10472
chr1	6	28	16244
chr1	6	29	18982
chr1	6	30	24332
chr1	6	31	30305
chr1	6	32	44122
chr1	6	33	60768
chr1	6	34	54928
chr1	6	35	49273
chr1	6	36	34226
chr1	6	37	25449
chr1	6	38	17910
chr1	6	39	12353
chr1	6	40	9040
chr1	6	41	6189
chr1	6	42	4523
chr1	6	43	3074
chr1	6	44	2244
chr1	6	45	1546
chr1	6	46	1201
chr1	6	47	938
chr1	6	48	814
chr1	6	49	755
chr1	6	50	772
chr1	6	51	838
chr1	6	52	917
chr1	6	53	1191
chr1	6	54	1348
chr1	6	55	1549
chr1	6	56	1733
chr1	6	57	1687
chr1	6	58	1500
chr1	6	59	1231
chr1	6	60	940
chr1	6	61	647
chr1	6	62	359
chr1	6	63	213
chr1	6	64	94
chr1	6	65	42
chr1	6	66	16
chr1	6	67	6
chr1	6	68	2
chr1	6	69	1
chr1	6	70	1
chr2	6	7	477
chr2	6	8	639
chr2	6	9	781
chr2	6	10	816
chr2	6	11	928
chr2	6	12	1013
chr2	6	13	1135
chr2	6	14	1205
chr2	6	15	1350
chr2	6	16	1523
chr2	6	17	1646
chr2	6	18	2060
chr2	6	19	2209
chr2	6	20	2700
chr2	6	21	2858
chr2	6	22	3503
chr2	6	23	3845
chr2	6	24	5608
chr2	6	25	5144
chr2	6	26	9005
chr2	6	27	10729
chr2	6	28	16869
chr2	6	29	19704
chr2	6	30	25255
chr2	6	31	31546
chr2	6	32	46627
chr2	6	33	64255
chr2	6	34	58048
chr2	6	35	52347
chr2	6	36	36327
chr2	6	37	27132
chr2	6	38	19208
chr2	6	39	13273
chr2	6	40	9745
chr2	6	41	6727
chr2	6	42	4999
chr2	6	43	3436
chr2	6	44	2498
chr2	6	45	1690
chr2	6	46	1281
chr2	6	47	935
chr2	6	48	804
chr2	6	49	726
chr2	6	50	724
chr2	6	51	808
chr2	6	52	932
chr2	6	53	1092
chr2	6	54	1322
chr2	6	55	1554
chr2	6	56	1633
chr2	6	57	1579
chr2	6	58	1541
chr2	6	59	1219
chr2	6	60	975
chr2	6	61	601
chr2	6	62	407
chr2	6	63	206
chr2	6	64	96
chr2	6	65	33
chr2	6	66	12
chr2	6	67	4
chr2	6	68	1
chr2	6	70	1
chr3	6	7	419
chr3	6	8	489
chr3	6	9	556
chr3	6	10	664
chr3	6	11	718
chr3	6	12	795
chr3	6	13	870
chr3	6	14	1039
chr3	6	15	1099
chr3	6	16	1242
chr3	6	17	1356
chr3	6	18	1690
chr3	6	19	1716
chr3	6	20	2033
chr3	6	21	2318
chr3	6	22	2815
chr3	6	23	3006
chr3	6	24	4584
chr3	6	25	4259
chr3	6	26	7532
chr3	6	27	8861
chr3	6	28	14012
chr3	6	29	16007
chr3	6	30	20825
chr3	6	31	25681
chr3	6	32	38011
chr3	6	33	52213
chr3	6	34	47473
chr3	6	35	42477
chr3	6	36	29351
chr3	6	37	21825
chr3	6	38	15355
chr3	6	39	10583
chr3	6	40	8055
chr3	6	41	5479
chr3	6	42	4006
chr3	6	43	2736
chr3	6	44	1953
chr3	6	45	1371
chr3	6	46	991
chr3	6	47	728
chr3	6	48	728
chr3	6	49	603
chr3	6	50	652
chr3	6	51	626
chr3	6	52	759
chr3	6	53	931
chr3	6	54	1122
chr3	6	55	1271
chr3	6	56	1407
chr3	6	57	1359
chr3	6	58	1237
chr3	6	59	1024
chr3	6	60	778
chr3	6	61	522
chr3	6	62	336
chr3	6	63	170
chr3	6	64	82
chr3	6	65	45
chr3	6	66	17
chr3	6	67	5
chr3	6	68	1
chr3	6	69	1
chr4	6	7	374
chr4	6	8	443
chr4	6	9	537
chr4	6	10	615
chr4	6	11	654
chr4	6	12	734
chr4	6	13	861
chr4	6	14	931
chr4	6	15	1054
chr4	6	16	1084
chr4	6	17	1210
chr4	6	18	1493
chr4	6	19	1621
chr4	6	20	1937
chr4	6	21	2031
chr4	6	22	2470
chr4	6	23	2674
chr4	6	24	4125
chr4	6	25	3767
chr4	6	26	6733
chr4	6	27	7927
chr4	6	28	12524
chr4	6	29	14548
chr4	6	30	18781
chr4	6	31	23397
chr4	6	32	34691
chr4	6	33	48136
chr4	6	34	43362
chr4	6	35	38902
chr4	6	36	27036
chr4	6	37	20434
chr4	6	38	14279
chr4	6	39	10095
chr4	6	40	7534
chr4	6	41	5091
chr4	6	42	3714
chr4	6	43	2467
chr4	6	44	1850
chr4	6	45	1208
chr4	6	46	901
chr4	6	47	657
chr4	6	48	585
chr4	6	49	500
chr4	6	50	470
chr4	6	51	578
chr4	6	52	667
chr4	6	53	785
chr4	6	54	931
chr4	6	55	1089
chr4	6	56	1101
chr4	6	57	1073
chr4	6	58	979
chr4	6	59	868
chr4	6	60	648
chr4	6	61	442
chr4	6	62	256
chr4	6	63	136
chr4	6	64	66
chr4	6	65	39
chr4	6	66	12
chr4	6	67	7
chr4	6	68	2
chr5	6	7	368
chr5	6	8	446
chr5	6	9	568
chr5	6	10	577
chr5	6	11	690
chr5	6	12	737
chr5	6	13	803
chr5	6	14	964
chr5	6	15	1020
chr5	6	16	1130
chr5	6	17	1187
chr5	6	18	1444
chr5	6	19	1538
chr5	6	20	1876
chr5	6	21	1943
chr5	6	22	2507
chr5	6	23	2769
chr5	6	24	4094
chr5	6	25	3715
chr5	6	26	6690
chr5	6	27	7760
chr5	6	28	12383
chr5	6	29	14348
chr5	6	30	18417
chr5	6	31	22955
chr5	6	32	34291
chr5	6	33	46719
chr5	6	34	42477
chr5	6	35	38258
chr5	6	36	26406
chr5	6	37	20086
chr5	6	38	14055
chr5	6	39	9681
chr5	6	40	7231
chr5	6	41	4905
chr5	6	42	3638
chr5	6	43	2483
chr5	6	44	1791
chr5	6	45	1231
chr5	6	46	928
chr5	6	47	683
chr5	6	48	607
chr5	6	49	554
chr5	6	50	533
chr5	6	51	581
chr5	6	52	659
chr5	6	53	722
chr5	6	54	962
chr5	6	55	1117
chr5	6	56	1172
chr5	6	57	1127
chr5	6	58	1110
chr5	6	59	908
chr5	6	60	646
chr5	6	61	452
chr5	6	62	263
chr5	6	63	143
chr5	6	64	78
chr5	6	65	20
chr5	6	66	13
chr5	6	67	5
chr5	6	68	4
chr6	6	7	394
chr6	6	8	437
chr6	6	9	518
chr6	6	10	510
chr6	6	11	633
chr6	6	12	723
chr6	6	13	786
chr6	6	14	872
chr6	6	15	1006
chr6	6	16	1024
chr6	6	17	1133
chr6	6	18	1371
chr6	6	19	1487
chr6	6	20	1742
chr6	6	21	1890
chr6	6	22	2318
chr6	6	23	2565
chr6	6	24	3943
chr6	6	25	3579
chr6	6	26	6370
chr6	6	27	7393
chr6	6	28	11823
chr6	6	29	14095
chr6	6	30	17832
chr6	6	31	22117
chr6	6	32	32259
chr6	6	33	44738
chr6	6	34	40032
chr6	6	35	36117
chr6	6	36	25091
chr6	6	37	18634
chr6	6	38	13239
chr6	6	39	9154
chr6	6	40	6792
chr6	6	41	4645
chr6	6	42	3454
chr6	6	43	2279
chr6	6	44	1711
chr6	6	45	1137
chr6	6	46	853
chr6	6	47	707
chr6	6	48	568
chr6	6	49	549
chr6	6	50	498
chr6	6	51	596
chr6	6	52	649
chr6	6	53	814
chr6	6	54	959
chr6	6	55	1106
chr6	6	56	1092
chr6	6	57	1138
chr6	6	58	1030
chr6	6	59	878
chr6	6	60	634
chr6	6	61	453
chr6	6	62	252
chr6	6	63	157
chr6	6	64	71
chr6	6	65	27
chr6	6	66	18
chr6	6	67	5
chr6	6	68	2
chr7	6	7	336
chr7	6	8	405
chr7	6	9	405
chr7	6	10	452
chr7	6	11	557
chr7	6	12	667
chr7	6	13	724
chr7	6	14	785
chr7	6	15	872
chr7	6	16	1010
chr7	6	17	1052
chr7	6	18	1263
chr7	6	19	1341
chr7	6	20	1582
chr7	6	21	1723
chr7	6	22	2147
chr7	6	23	2303
chr7	6	24	3418
chr7	6	25	3166
chr7	6	26	5584
chr7	6	27	6568
chr7	6	28	10458
chr7	6	29	11936
chr7	6	30	15204
chr7	6	31	19298
chr7	6	32	28340
chr7	6	33	38914
chr7	6	34	35119
chr7	6	35	31861
chr7	6	36	21929
chr7	6	37	16451
chr7	6	38	11506
chr7	6	39	8085
chr7	6	40	5894
chr7	6	41	4070
chr7	6	42	3044
chr7	6	43	1989
chr7	6	44	1472
chr7	6	45	1081
chr7	6	46	768
chr7	6	47	633
chr7	6	48	479
chr7	6	49	425
chr7	6	50	444
chr7	6	51	465
chr7	6	52	601
chr7	6	53	698
chr7	6	54	845
chr7	6	55	946
chr7	6	56	1039
chr7	6	57	986
chr7	6	58	908
chr7	6	59	736
chr7	6	60	590
chr7	6	61	377
chr7	6	62	229
chr7	6	63	146
chr7	6	64	57
chr7	6	65	28
chr7	6	66	12
chr7	6	67	2
chr7	6	68	1
chr8	6	7	328
chr8	6	8	389
chr8	6	9	438
chr8	6	10	533
chr8	6	11	529
chr8	6	12	671
chr8	6	13	633
chr8	6	14	785
chr8	6	15	880
chr8	6	16	936
chr8	6	17	1002
chr8	6	18	1213
chr8	6	19	1364
chr8	6	20	1606
chr8	6	21	1698
chr8	6	22	2005
chr8	6	23	2222
chr8	6	24	3330
chr8	6	25	3201
chr8	6	26	5454
chr8	6	27	6460
chr8	6	28	10421
chr8	6	29	11648
chr8	6	30	15353
chr8	6	31	18944
chr8	6	32	28329
chr8	6	33	38900
chr8	6	34	34976
chr8	6	35	31767
chr8	6	36	22007
chr8	6	37	16655
chr8	6	38	11807
chr8	6	39	8123
chr8	6	40	6111
chr8	6	41	4110
chr8	6	42	3158
chr8	6	43	2041
chr8	6	44	1558
chr8	6	45	1010
chr8	6	46	792
chr8	6	47	551
chr8	6	48	504
chr8	6	49	427
chr8	6	50	403
chr8	6	51	527
chr8	6	52	547
chr8	6	53	665
chr8	6	54	723
chr8	6	55	906
chr8	6	56	973
chr8	6	57	975
chr8	6	58	868
chr8	6	59	751
chr8	6	60	523
chr8	6	61	371
chr8	6	62	197
chr8	6	63	127
chr8	6	64	57
chr8	6	65	10
chr8	6	66	7
chr8	6	67	3
chr8	6	68	2
chr9	6	7	230
chr9	6	8	314
chr9	6	9	367
chr9	6	10	409
chr9	6	11	475
chr9	6	12	471
chr9	6	13	537
chr9	6	14	640
chr9	6	15	689
chr9	6	16	737
chr9	6	17	791
chr9	6	18	991
chr9	6	19	1015
chr9	6	20	1310
chr9	6	21	1277
chr9	6	22	1619
chr9	6	23	1809
chr9	6	24	2641
chr9	6	25	2380
chr9	6	26	4374
chr9	6	27	4937
chr9	6	28	8085
chr9	6	29	9487
chr9	6	30	11887
chr9	6	31	14872
chr9	6	32	21923
chr9	6	33	29794
chr9	6	34	27250
chr9	6	35	24412
chr9	6	36	16785
chr9	6	37	12726
chr9	6	38	8896
chr9	6	39	6361
chr9	6	40	4652
chr9	6	41	3217
chr9	6	42	2288
chr9	6	43	1581
chr9	6	44	1179
chr9	6	45	791
chr9	6	46	601
chr9	6	47	474
chr9	6	48	424
chr9	6	49	345
chr9	6	50	320
chr9	6	51	422
chr9	6	52	415
chr9	6	53	505
chr9	6	54	638
chr9	6	55	790
chr9	6	56	825
chr9	6	57	793
chr9	6	58	753
chr9	6	59	628
chr9	6	60	444
chr9	6	61	266
chr9	6	62	194
chr9	6	63	108
chr9	6	64	53
chr9	6	65	22
chr9	6	66	8
chr9	6	67	3
chr9	6	68	2
chr10	6	7	297
chr10	6	8	383
chr10	6	9	378
chr10	6	10	487
chr10	6	11	583
chr10	6	12	616
chr10	6	13	678
chr10	6	14	726
chr10	6	15	727
chr10	6	16	853
chr10	6	17	940
chr10	6	18	1207
chr10	6	19	1272
chr10	6	20	1464
chr10	6	21	1622
chr10	6	22	1980
chr10	6	23	2139
chr10	6	24	3140
chr10	6	25	2943
chr10	6	26	5199
chr10	6	27	6072
chr10	6	28	9653
chr10	6	29	11049
chr10	6	30	14272
chr10	6	31	17810
chr10	6	32	26402
chr10	6	33	35879
chr10	6	34	33031
chr10	6	35	29447
chr10	6	36	20182
chr10	6	37	15372
chr10	6	38	10824
chr10	6	39	7699
chr10	6	40	5662
chr10	6	41	3841
chr10	6	42	2899
chr10	6	43	1802
chr10	6	44	1366
chr10	6	45	960
chr10	6	46	728
chr10	6	47	518
chr10	6	48	456
chr10	6	49	385
chr10	6	50	404
chr10	6	51	455
chr10	6	52	527
chr10	6	53	678
chr10	6	54	741
chr10	6	55	907
chr10	6	56	934
chr10	6	57	946
chr10	6	58	900
chr10	6	59	775
chr10	6	60	575
chr10	6	61	347
chr10	6	62	209
chr10	6	63	119
chr10	6	64	46
chr10	6	65	20
chr10	6	66	10
chr10	6	67	8
chr10	6	69	1
chr11	6	7	259
chr11	6	8	361
chr11	6	9	373
chr11	6	10	432
chr11	6	11	510
chr11	6	12	613
chr11	6	13	611
chr11	6	14	722
chr11	6	15	786
chr11	6	16	865
chr11	6	17	991
chr11	6	18	1147
chr11	6	19	1159
chr11	6	20	1488
chr11	6	21	1572
chr11	6	22	1989
chr11	6	23	2162
chr11	6	24	3126
chr11	6	25	2961
chr11	6	26	5086
chr11	6	27	6114
chr11	6	28	9610
chr11	6	29	11101
chr11	6	30	13889
chr11	6	31	17722
chr11	6	32	25933
chr11	6	33	35688
chr11	6	34	32456
chr11	6	35	29316
chr11	6	36	20371
chr11	6	37	15072
chr11	6	38	10668
chr11	6	39	7595
chr11	6	40	5420
chr11	6	41	3704
chr11	6	42	2782
chr11	6	43	1885
chr11	6	44	1412
chr11	6	45	938
chr11	6	46	723
chr11	6	47	562
chr11	6	48	484
chr11	6	49	424
chr11	6	50	425
chr11	6	51	457
chr11	6	52	557
chr11	6	53	634
chr11	6	54	782
chr11	6	55	883
chr11	6	56	966
chr11	6	57	960
chr11	6	58	922
chr11	6	59	705
chr11	6	60	526
chr11	6	61	351
chr11	6	62	231
chr11	6	63	116
chr11	6	64	51
chr11	6	65	23
chr11	6	66	5
chr11	6	67	6
chr11	6	68	1
chr12	6	7	273
chr12	6	8	382
chr12	6	9	373
chr12	6	10	448
chr12	6	11	535
chr12	6	12	553
chr12	6	13	630
chr12	6	14	665
chr12	6	15	771
chr12	6	16	838
chr12	6	17	952
chr12	6	18	1084
chr12	6	19	1216
chr12	6	20	1385
chr12	6	21	1479
chr12	6	22	1897
chr12	6	23	2086
chr12	6	24	2956
chr12	6	25	2766
chr12	6	26	4991
chr12	6	27	5927
chr12	6	28	9344
chr12	6	29	10763
chr12	6	30	13726
chr12	6	31	17278
chr12	6	32	24995
chr12	6	33	34573
chr12	6	34	31329
chr12	6	35	27949
chr12	6	36	19465
chr12	6	37	14529
chr12	6	38	10066
chr12	6	39	7150
chr12	6	40	5217
chr12	6	41	3640
chr12	6	42	2672
chr12	6	43	1763
chr12	6	44	1296
chr12	6	45	968
chr12	6	46	680
chr12	6	47	518
chr12	6	48	477
chr12	6	49	396
chr12	6	50	408
chr12	6	51	446
chr12	6	52	520
chr12	6	53	602
chr12	6	54	767
chr12	6	55	850
chr12	6	56	921
chr12	6	57	912
chr12	6	58	841
chr12	6	59	712
chr12	6	60	503
chr12	6	61	333
chr12	6	62	211
chr12	6	63	111
chr12	6	64	47
chr12	6	65	33
chr12	6	66	8
chr12	6	67	3
chr12	6	68	2
chr13	6	7	195
chr13	6	8	222
chr13	6	9	254
chr13	6	10	302
chr13	6	11	348
chr13	6	12	393
chr13	6	13	422
chr13	6	14	503
chr13	6	15	535
chr13	6	16	601
chr13	6	17	649
chr13	6	18	778
chr13	6	19	879
chr13	6	20	991
chr13	6	21	1093
chr13	6	22	1381
chr13	6	23	1422
chr13	6	24	2214
chr13	6	25	2064
chr13	6	26	3606
chr13	6	27	4134
chr13	6	28	6665
chr13	6	29	7704
chr13	6	30	10055
chr13	6	31	12383
chr13	6	32	17915
chr13	6	33	25340
chr13	6	34	22629
chr13	6	35	20141
chr13	6	36	14082
chr13	6	37	10615
chr13	6	38	7436
chr13	6	39	5167
chr13	6	40	3860
chr13	6	41	2655
chr13	6	42	1972
chr13	6	43	1239
chr13	6	44	976
chr13	6	45	669
chr13	6	46	501
chr13	6	47	385
chr13	6	48	296
chr13	6	49	243
chr13	6	50	291
chr13	6	51	308
chr13	6	52	357
chr13	6	53	433
chr13	6	54	495
chr13	6	55	626
chr13	6	56	603
chr13	6	57	628
chr13	6	58	541
chr13	6	59	468
chr13	6	60	331
chr13	6	61	260
chr13	6	62	142
chr13	6	63	84
chr13	6	64	32
chr13	6	65	14
chr13	6	66	7
chr13	6	67	1
chr13	6	68	1
chr14	6	7	193
chr14	6	8	225
chr14	6	9	301
chr14	6	10	309
chr14	6	11	348
chr14	6	12	399
chr14	6	13	416
chr14	6	14	479
chr14	6	15	477
chr14	6	16	559
chr14	6	17	639
chr14	6	18	739
chr14	6	19	837
chr14	6	20	935
chr14	6	21	1102
chr14	6	22	1313
chr14	6	23	1454
chr14	6	24	2096
chr14	6	25	1949
chr14	6	26	3401
chr14	6	27	3822
chr14	6	28	6399
chr14	6	29	7437
chr14	6	30	9328
chr14	6	31	11721
chr14	6	32	17017
chr14	6	33	23558
chr14	6	34	21585
chr14	6	35	19389
chr14	6	36	13286
chr14	6	37	10047
chr14	6	38	7114
chr14	6	39	4882
chr14	6	40	3492
chr14	6	41	2501
chr14	6	42	1780
chr14	6	43	1196
chr14	6	44	932
chr14	6	45	623
chr14	6	46	505
chr14	6	47	355
chr14	6	48	271
chr14	6	49	253
chr14	6	50	268
chr14	6	51	295
chr14	6	52	343
chr14	6	53	458
chr14	6	54	542
chr14	6	55	599
chr14	6	56	622
chr14	6	57	633
chr14	6	58	519
chr14	6	59	483
chr14	6	60	358
chr14	6	61	272
chr14	6	62	141
chr14	6	63	74
chr14	6	64	42
chr14	6	65	16
chr14	6	66	8
chr14	6	67	4
chr15	6	7	162
chr15	6	8	213
chr15	6	9	239
chr15	6	10	287
chr15	6	11	298
chr15	6	12	360
chr15	6	13	401
chr15	6	14	432
chr15	6	15	513
chr15	6	16	552
chr15	6	17	557
chr15	6	18	663
chr15	6	19	728
chr15	6	20	919
chr15	6	21	1028
chr15	6	22	1161
chr15	6	23	1250
chr15	6	24	1975
chr15	6	25	1807
chr15	6	26	3175
chr15	6	27	3576
chr15	6	28	5786
chr15	6	29	6721
chr15	6	30	8809
chr15	6	31	10922
chr15	6	32	16018
chr15	6	33	21712
chr15	6	34	19675
chr15	6	35	17522
chr15	6	36	12216
chr15	6	37	9086
chr15	6	38	6305
chr15	6	39	4414
chr15	6	40	3270
chr15	6	41	2260
chr15	6	42	1559
chr15	6	43	1094
chr15	6	44	880
chr15	6	45	580
chr15	6	46	389
chr15	6	47	353
chr15	6	48	268
chr15	6	49	255
chr15	6	50	306
chr15	6	51	295
chr15	6	52	321
chr15	6	53	388
chr15	6	54	494
chr15	6	55	605
chr15	6	56	683
chr15	6	57	637
chr15	6	58	573
chr15	6	59	423
chr15	6	60	352
chr15	6	61	248
chr15	6	62	141
chr15	6	63	60
chr15	6	64	40
chr15	6	65	17
chr15	6	66	4
chr15	6	67	3
chr15	6	68	3
chr16	6	7	160
chr16	6	8	208
chr16	6	9	248
chr16	6	10	288
chr16	6	11	313
chr16	6	12	330
chr16	6	13	404
chr16	6	14	425
chr16	6	15	505
chr16	6	16	526
chr16	6	17	588
chr16	6	18	696
chr16	6	19	755
chr16	6	20	880
chr16	6	21	969
chr16	6	22	1162
chr16	6	23	1352
chr16	6	24	1899
chr16	6	25	1781
chr16	6	26	3073
chr16	6	27	3653
chr16	6	28	5808
chr16	6	29	6640
chr16	6	30	8348
chr16	6	31	10636
chr16	6	32	15485
chr16	6	33	21068
chr16	6	34	19139
chr16	6	35	17309
chr16	6	36	11872
chr16	6	37	8973
chr16	6	38	6187
chr16	6	39	4341
chr16	6	40	3213
chr16	6	41	2231
chr16	6	42	1624
chr16	6	43	1108
chr16	6	44	811
chr16	6	45	578
chr16	6	46	426
chr16	6	47	325
chr16	6	48	284
chr16	6	49	253
chr16	6	50	264
chr16	6	51	303
chr16	6	52	337
chr16	6	53	385
chr16	6	54	494
chr16	6	55	535
chr16	6	56	640
chr16	6	57	569
chr16	6	58	572
chr16	6	59	451
chr16	6	60	325
chr16	6	61	204
chr16	6	62	139
chr16	6	63	67
chr16	6	64	33
chr16	6	65	13
chr16	6	66	7
chr16	6	67	1
chr16	6	68	2
chr17	6	7	186
chr17	6	8	213
chr17	6	9	206
chr17	6	10	247
chr17	6	11	314
chr17	6	12	354
chr17	6	13	418
chr17	6	14	504
chr17	6	15	530
chr17	6	16	570
chr17	6	17	617
chr17	6	18	710
chr17	6	19	792
chr17	6	20	984
chr17	6	21	1019
chr17	6	22	1153
chr17	6	23	1314
chr17	6	24	1919
chr17	6	25	1773
chr17	6	26	3185
chr17	6	27	3676
chr17	6	28	5762
chr17	6	29	6728
chr17	6	30	8279
chr17	6	31	10613
chr17	6	32	15127
chr17	6	33	20642
chr17	6	34	18879
chr17	6	35	16541
chr17	6	36	11495
chr17	6	37	8497
chr17	6	38	5874
chr17	6	39	4184
chr17	6	40	3010
chr17	6	41	2024
chr17	6	42	1503
chr17	6	43	1004
chr17	6	44	759
chr17	6	45	539
chr17	6	46	413
chr17	6	47	315
chr17	6	48	283
chr17	6	49	268
chr17	6	50	292
chr17	6	51	316
chr17	6	52	340
chr17	6	53	435
chr17	6	54	495
chr17	6	55	525
chr17	6	56	654
chr17	6	57	627
chr17	6	58	589
chr17	6	59	488
chr17	6	60	395
chr17	6	61	238
chr17	6	62	172
chr17	6	63	79
chr17	6	64	47
chr17	6	65	19
chr17	6	66	4
chr17	6	67	1
chr17	6	68	2
chr18	6	7	167
chr18	6	8	198
chr18	6	9	264
chr18	6	10	224
chr18	6	11	279
chr18	6	12	306
chr18	6	13	381
chr18	6	14	452
chr18	6	15	461
chr18	6	16	512
chr18	6	17	555
chr18	6	18	648
chr18	6	19	688
chr18	6	20	839
chr18	6	21	827
chr18	6	22	1131
chr18	6	23	1189
chr18	6	24	1801
chr18	6	25	1615
chr18	6	26	2952
chr18	6	27	3532
chr18	6	28	5394
chr18	6	29	6273
chr18	6	30	7854
chr18	6	31	10005
chr18	6	32	14998
chr18	6	33	20789
chr18	6	34	19001
chr18	6	35	17127
chr18	6	36	11656
chr18	6	37	8997
chr18	6	38	6322
chr18	6	39	4336
chr18	6	40	3299
chr18	6	41	2165
chr18	6	42	1753
chr18	6	43	1130
chr18	6	44	746
chr18	6	45	558
chr18	6	46	399
chr18	6	47	361
chr18	6	48	287
chr18	6	49	238
chr18	6	50	210
chr18	6	51	284
chr18	6	52	308
chr18	6	53	346
chr18	6	54	423
chr18	6	55	458
chr18	6	56	506
chr18	6	57	496
chr18	6	58	445
chr18	6	59	367
chr18	6	60	262
chr18	6	61	184
chr18	6	62	113
chr18	6	63	50
chr18	6	64	31
chr18	6	65	6
chr18	6	66	8
chr18	6	67	4
chr19	6	7	91
chr19	6	8	131
chr19	6	9	149
chr19	6	10	193
chr19	6	11	230
chr19	6	12	241
chr19	6	13	247
chr19	6	14	298
chr19	6	15	333
chr19	6	16	367
chr19	6	17	405
chr19	6	18	466
chr19	6	19	488
chr19	6	20	658
chr19	6	21	674
chr19	6	22	783
chr19	6	23	908
chr19	6	24	1314
chr19	6	25	1255
chr19	6	26	2044
chr19	6	27	2424
chr19	6	28	3760
chr19	6	29	4380
chr19	6	30	5399
chr19	6	31	6644
chr19	6	32	9475
chr19	6	33	12539
chr19	6	34	11475
chr19	6	35	9940
chr19	6	36	6875
chr19	6	37	5190
chr19	6	38	3624
chr19	6	39	2435
chr19	6	40	1760
chr19	6	41	1251
chr19	6	42	906
chr19	6	43	612
chr19	6	44	455
chr19	6	45	320
chr19	6	46	252
chr19	6	47	204
chr19	6	48	162
chr19	6	49	156
chr19	6	50	188
chr19	6	51	170
chr19	6	52	241
chr19	6	53	273
chr19	6	54	316
chr19	6	55	360
chr19	6	56	391
chr19	6	57	402
chr19	6	58	390
chr19	6	59	329
chr19	6	60	258
chr19	6	61	144
chr19	6	62	92
chr19	6	63	51
chr19	6	64	29
chr19	6	65	14
chr19	6	66	5
chr19	6	67	1
chr19	6	68	1
chr19	6	69	1
chr20	6	7	165
chr20	6	8	191
chr20	6	9	226
chr20	6	10	232
chr20	6	11	268
chr20	6	12	304
chr20	6	13	303
chr20	6	14	350
chr20	6	15	382
chr20	6	16	437
chr20	6	17	483
chr20	6	18	602
chr20	6	19	667
chr20	6	20	701
chr20	6	21	846
chr20	6	22	956
chr20	6	23	1060
chr20	6	24	1606
chr20	6	25	1546
chr20	6	26	2457
chr20	6	27	3092
chr20	6	28	4925
chr20	6	29	5525
chr20	6	30	7128
chr20	6	31	9079
chr20	6	32	13166
chr20	6	33	17737
chr20	6	34	16358
chr20	6	35	14636
chr20	6	36	10175
chr20	6	37	7554
chr20	6	38	5373
chr20	6	39	3730
chr20	6	40	2891
chr20	6	41	1798
chr20	6	42	1329
chr20	6	43	923
chr20	6	44	707
chr20	6	45	467
chr20	6	46	354
chr20	6	47	294
chr20	6	48	231
chr20	6	49	224
chr20	6	50	243
chr20	6	51	266
chr20	6	52	324
chr20	6	53	346
chr20	6	54	425
chr20	6	55	472
chr20	6	56	525
chr20	6	57	463
chr20	6	58	483
chr20	6	59	369
chr20	6	60	268
chr20	6	61	155
chr20	6	62	101
chr20	6	63	63
chr20	6	64	15
chr20	6	65	9
chr20	6	66	10
chr20	6	67	2
chr21	6	7	87
chr21	6	8	94
chr21	6	9	114
chr21	6	10	128
chr21	6	11	147
chr21	6	12	165
chr21	6	13	150
chr21	6	14	198
chr21	6	15	205
chr21	6	16	220
chr21	6	17	268
chr21	6	18	279
chr21	6	19	314
chr21	6	20	398
chr21	6	21	436
chr21	6	22	495
chr21	6	23	584
chr21	6	24	801
chr21	6	25	758
chr21	6	26	1389
chr21	6	27	1629
chr21	6	28	2558
chr21	6	29	2833
chr21	6	30	3587
chr21	6	31	4724
chr21	6	32	6816
chr21	6	33	9365
chr21	6	34	8413
chr21	6	35	7448
chr21	6	36	5219
chr21	6	37	3931
chr21	6	38	2698
chr21	6	39	1942
chr21	6	40	1396
chr21	6	41	1012
chr21	6	42	707
chr21	6	43	469
chr21	6	44	324
chr21	6	45	232
chr21	6	46	176
chr21	6	47	123
chr21	6	48	101
chr21	6	49	119
chr21	6	50	125
chr21	6	51	130
chr21	6	52	137
chr21	6	53	153
chr21	6	54	182
chr21	6	55	229
chr21	6	56	291
chr21	6	57	241
chr21	6	58	253
chr21	6	59	184
chr21	6	60	141
chr21	6	61	114
chr21	6	62	60
chr21	6	63	35
chr21	6	64	17
chr21	6	65	5
chr21	6	66	2
chr22	6	7	84
chr22	6	8	109
chr22	6	9	132
chr22	6	10	144
chr22	6	11	160
chr22	6	12	159
chr22	6	13	198
chr22	6	14	203
chr22	6	15	248
chr22	6	16	270
chr22	6	17	289
chr22	6	18	340
chr22	6	19	343
chr22	6	20	434
chr22	6	21	503
chr22	6	22	589
chr22	6	23	613
chr22	6	24	862
chr22	6	25	860
chr22	6	26	1443
chr22	6	27	1738
chr22	6	28	2651
chr22	6	29	3070
chr22	6	30	3954
chr22	6	31	5087
chr22	6	32	7329
chr22	6	33	9704
chr22	6	34	8983
chr22	6	35	7741
chr22	6	36	5281
chr22	6	37	4175
chr22	6	38	2784
chr22	6	39	2062
chr22	6	40	1392
chr22	6	41	1021
chr22	6	42	673
chr22	6	43	502
chr22	6	44	358
chr22	6	45	239
chr22	6	46	198
chr22	6	47	157
chr22	6	48	148
chr22	6	49	139
chr22	6	50	141
chr22	6	51	162
chr22	6	52	175
chr22	6	53	208
chr22	6	54	233
chr22	6	55	318
chr22	6	56	342
chr22	6	57	315
chr22	6	58	271
chr22	6	59	238
chr22	6	60	189
chr22	6	61	126
chr22	6	62	60
chr22	6	63	42
chr22	6	64	18
chr22	6	65	6
chr22	6	66	5
chrX	6	7	229
chrX	6	8	332
chrX	6	9	335
chrX	6	10	401
chrX	6	11	482
chrX	6	12	536
chrX	6	13	584
chrX	6	14	642
chrX	6	15	701
chrX	6	16	751
chrX	6	17	834
chrX	6	18	1084
chrX	6	19	1195
chrX	6	20	1393
chrX	6	21	1507
chrX	6	22	1688
chrX	6	23	1853
chrX	6	24	2678
chrX	6	25	2575
chrX	6	26	4532
chrX	6	27	5324
chrX	6	28	8703
chrX	6	29	10121
chrX	6	30	13234
chrX	6	31	17076
chrX	6	32	25439
chrX	6	33	35639
chrX	6	34	32560
chrX	6	35	28831
chrX	6	36	20304
chrX	6	37	15205
chrX	6	38	10753
chrX	6	39	7494
chrX	6	40	5615
chrX	6	41	3870
chrX	6	42	2719
chrX	6	43	1823
chrX	6	44	1317
chrX	6	45	986
chrX	6	46	645
chrX	6	47	497
chrX	6	48	376
chrX	6	49	373
chrX	6	50	392
chrX	6	51	407
chrX	6	52	435
chrX	6	53	595
chrX	6	54	637
chrX	6	55	780
chrX	6	56	811
chrX	6	57	778
chrX	6	58	714
chrX	6	59	642
chrX	6	60	432
chrX	6	61	322
chrX	6	62	169
chrX	6	63	103
chrX	6	64	47
chrX	6	65	17
chrX	6	66	16
chrX	6	67	4
chrX	6	68	1
chrX	6	70	1
chrY	6	8	4
chrY	6	9	1
chrY	6	10	1
chrY	6	12	4
chrY	6	13	2
chrY	6	14	3
chrY	6	15	3
chrY	6	16	4
chrY	6	17	1
chrY	6	18	4
chrY	6	19	5
chrY	6	20	8
chrY	6	21	8
chrY	6	22	12
chrY	6	23	18
chrY	6	24	17
chrY	6	25	23
chrY	6	26	41
chrY	6	27	41
chrY	6	28	51
chrY	6	29	66
chrY	6	30	55
chrY	6	31	79
chrY	6	32	72
chrY	6	33	67
chrY	6	34	71
chrY	6	35	54
chrY	6	36	44
chrY	6	37	20
chrY	6	38	15
chrY	6	39	18
chrY	6	40	7
chrY	6	41	12
chrY	6	42	2
chrY	6	43	4
chrY	6	44	1
chrY	6	46	1
chrY	6	51	3
chrY	6	53	1
chrY	6	54	4
chrY	6	55	1
chrY	6	57	3
chrY	6	58	1
chrY	6	59	1
chrY	6	60	3
chrM	6	19	1
chrM	6	23	1
chrM	6	26	1
chrM	6	28	1
chrM	6	29	1
chrM	6	33	1
chrM	6	36	1
chrM	6	43	1
chrM	6	44	1
chrM	6	53	1
