##Chromosome	MAQP	Length	ReadsNums
chr1	6	7	521
chr1	6	8	602
chr1	6	9	686
chr1	6	10	751
chr1	6	11	893
chr1	6	12	942
chr1	6	13	1068
chr1	6	14	1182
chr1	6	15	1278
chr1	6	16	1551
chr1	6	17	1724
chr1	6	18	2056
chr1	6	19	2276
chr1	6	20	2839
chr1	6	21	3072
chr1	6	22	3724
chr1	6	23	4271
chr1	6	24	5969
chr1	6	25	5428
chr1	6	26	9028
chr1	6	27	10665
chr1	6	28	16187
chr1	6	29	18454
chr1	6	30	22696
chr1	6	31	27867
chr1	6	32	39567
chr1	6	33	50661
chr1	6	34	45046
chr1	6	35	36715
chr1	6	36	26320
chr1	6	37	18530
chr1	6	38	13158
chr1	6	39	8635
chr1	6	40	6792
chr1	6	41	4337
chr1	6	42	3381
chr1	6	43	2091
chr1	6	44	1527
chr1	6	45	1083
chr1	6	46	771
chr1	6	47	651
chr1	6	48	447
chr1	6	49	454
chr1	6	50	461
chr1	6	51	544
chr1	6	52	627
chr1	6	53	748
chr1	6	54	832
chr1	6	55	1045
chr1	6	56	1102
chr1	6	57	1103
chr1	6	58	1005
chr1	6	59	858
chr1	6	60	658
chr1	6	61	436
chr1	6	62	252
chr1	6	63	123
chr1	6	64	66
chr1	6	65	38
chr1	6	66	8
chr1	6	67	1
chr1	6	68	1
chr2	6	7	536
chr2	6	8	605
chr2	6	9	744
chr2	6	10	863
chr2	6	11	966
chr2	6	12	1018
chr2	6	13	1178
chr2	6	14	1240
chr2	6	15	1482
chr2	6	16	1612
chr2	6	17	1794
chr2	6	18	2177
chr2	6	19	2407
chr2	6	20	2936
chr2	6	21	3258
chr2	6	22	3967
chr2	6	23	4637
chr2	6	24	6574
chr2	6	25	5759
chr2	6	26	9359
chr2	6	27	11507
chr2	6	28	17246
chr2	6	29	19818
chr2	6	30	24366
chr2	6	31	29525
chr2	6	32	42271
chr2	6	33	54930
chr2	6	34	49048
chr2	6	35	40008
chr2	6	36	28534
chr2	6	37	19801
chr2	6	38	14568
chr2	6	39	9532
chr2	6	40	7509
chr2	6	41	4667
chr2	6	42	3686
chr2	6	43	2361
chr2	6	44	1697
chr2	6	45	1212
chr2	6	46	828
chr2	6	47	647
chr2	6	48	496
chr2	6	49	470
chr2	6	50	472
chr2	6	51	487
chr2	6	52	575
chr2	6	53	746
chr2	6	54	871
chr2	6	55	1034
chr2	6	56	1112
chr2	6	57	1140
chr2	6	58	1032
chr2	6	59	882
chr2	6	60	666
chr2	6	61	401
chr2	6	62	234
chr2	6	63	155
chr2	6	64	56
chr2	6	65	31
chr2	6	66	14
chr2	6	67	4
chr3	6	7	411
chr3	6	8	495
chr3	6	9	594
chr3	6	10	631
chr3	6	11	745
chr3	6	12	835
chr3	6	13	911
chr3	6	14	1056
chr3	6	15	1204
chr3	6	16	1384
chr3	6	17	1440
chr3	6	18	1767
chr3	6	19	1948
chr3	6	20	2396
chr3	6	21	2727
chr3	6	22	3286
chr3	6	23	3696
chr3	6	24	5352
chr3	6	25	4717
chr3	6	26	7746
chr3	6	27	9586
chr3	6	28	14436
chr3	6	29	16205
chr3	6	30	19882
chr3	6	31	24471
chr3	6	32	34667
chr3	6	33	45423
chr3	6	34	40271
chr3	6	35	33108
chr3	6	36	23640
chr3	6	37	16241
chr3	6	38	12006
chr3	6	39	7711
chr3	6	40	6010
chr3	6	41	3942
chr3	6	42	2907
chr3	6	43	1913
chr3	6	44	1378
chr3	6	45	952
chr3	6	46	707
chr3	6	47	521
chr3	6	48	465
chr3	6	49	407
chr3	6	50	356
chr3	6	51	407
chr3	6	52	466
chr3	6	53	602
chr3	6	54	697
chr3	6	55	849
chr3	6	56	906
chr3	6	57	944
chr3	6	58	819
chr3	6	59	715
chr3	6	60	528
chr3	6	61	361
chr3	6	62	209
chr3	6	63	103
chr3	6	64	45
chr3	6	65	25
chr3	6	66	6
chr3	6	67	3
chr3	6	73	1
chr4	6	7	399
chr4	6	8	516
chr4	6	9	530
chr4	6	10	643
chr4	6	11	690
chr4	6	12	783
chr4	6	13	944
chr4	6	14	996
chr4	6	15	1072
chr4	6	16	1210
chr4	6	17	1377
chr4	6	18	1648
chr4	6	19	1784
chr4	6	20	2269
chr4	6	21	2531
chr4	6	22	3121
chr4	6	23	3420
chr4	6	24	4875
chr4	6	25	4487
chr4	6	26	7101
chr4	6	27	8842
chr4	6	28	13270
chr4	6	29	15136
chr4	6	30	18557
chr4	6	31	22715
chr4	6	32	32631
chr4	6	33	42712
chr4	6	34	37180
chr4	6	35	31112
chr4	6	36	22034
chr4	6	37	15371
chr4	6	38	11209
chr4	6	39	7356
chr4	6	40	5725
chr4	6	41	3651
chr4	6	42	2795
chr4	6	43	1832
chr4	6	44	1330
chr4	6	45	930
chr4	6	46	676
chr4	6	47	495
chr4	6	48	392
chr4	6	49	326
chr4	6	50	327
chr4	6	51	391
chr4	6	52	370
chr4	6	53	499
chr4	6	54	593
chr4	6	55	713
chr4	6	56	783
chr4	6	57	772
chr4	6	58	750
chr4	6	59	632
chr4	6	60	403
chr4	6	61	303
chr4	6	62	169
chr4	6	63	75
chr4	6	64	42
chr4	6	65	25
chr4	6	66	3
chr4	6	67	5
chr4	6	68	1
chr5	6	7	374
chr5	6	8	494
chr5	6	9	516
chr5	6	10	613
chr5	6	11	709
chr5	6	12	796
chr5	6	13	835
chr5	6	14	922
chr5	6	15	967
chr5	6	16	1175
chr5	6	17	1275
chr5	6	18	1548
chr5	6	19	1769
chr5	6	20	2120
chr5	6	21	2419
chr5	6	22	2916
chr5	6	23	3286
chr5	6	24	4801
chr5	6	25	4253
chr5	6	26	6899
chr5	6	27	8451
chr5	6	28	12851
chr5	6	29	14349
chr5	6	30	18137
chr5	6	31	21906
chr5	6	32	31493
chr5	6	33	40941
chr5	6	34	35932
chr5	6	35	29892
chr5	6	36	21300
chr5	6	37	14804
chr5	6	38	10689
chr5	6	39	7085
chr5	6	40	5588
chr5	6	41	3543
chr5	6	42	2706
chr5	6	43	1757
chr5	6	44	1261
chr5	6	45	841
chr5	6	46	679
chr5	6	47	506
chr5	6	48	376
chr5	6	49	340
chr5	6	50	332
chr5	6	51	358
chr5	6	52	434
chr5	6	53	493
chr5	6	54	639
chr5	6	55	777
chr5	6	56	779
chr5	6	57	785
chr5	6	58	755
chr5	6	59	613
chr5	6	60	493
chr5	6	61	287
chr5	6	62	182
chr5	6	63	104
chr5	6	64	41
chr5	6	65	18
chr5	6	66	4
chr5	6	67	2
chr5	6	68	1
chr6	6	7	379
chr6	6	8	453
chr6	6	9	497
chr6	6	10	589
chr6	6	11	654
chr6	6	12	771
chr6	6	13	847
chr6	6	14	880
chr6	6	15	997
chr6	6	16	1124
chr6	6	17	1270
chr6	6	18	1496
chr6	6	19	1713
chr6	6	20	2100
chr6	6	21	2369
chr6	6	22	2804
chr6	6	23	3027
chr6	6	24	4619
chr6	6	25	4080
chr6	6	26	6547
chr6	6	27	8100
chr6	6	28	12147
chr6	6	29	13901
chr6	6	30	17239
chr6	6	31	20825
chr6	6	32	29803
chr6	6	33	38837
chr6	6	34	34029
chr6	6	35	28044
chr6	6	36	20087
chr6	6	37	13742
chr6	6	38	10153
chr6	6	39	6608
chr6	6	40	5112
chr6	6	41	3483
chr6	6	42	2634
chr6	6	43	1651
chr6	6	44	1256
chr6	6	45	823
chr6	6	46	628
chr6	6	47	430
chr6	6	48	385
chr6	6	49	341
chr6	6	50	310
chr6	6	51	370
chr6	6	52	410
chr6	6	53	531
chr6	6	54	624
chr6	6	55	736
chr6	6	56	764
chr6	6	57	765
chr6	6	58	755
chr6	6	59	607
chr6	6	60	429
chr6	6	61	326
chr6	6	62	164
chr6	6	63	91
chr6	6	64	48
chr6	6	65	22
chr6	6	66	9
chr6	6	67	4
chr6	6	68	3
chr7	6	7	306
chr7	6	8	374
chr7	6	9	454
chr7	6	10	536
chr7	6	11	601
chr7	6	12	674
chr7	6	13	737
chr7	6	14	731
chr7	6	15	893
chr7	6	16	1000
chr7	6	17	1161
chr7	6	18	1387
chr7	6	19	1541
chr7	6	20	1813
chr7	6	21	2007
chr7	6	22	2473
chr7	6	23	2676
chr7	6	24	3900
chr7	6	25	3595
chr7	6	26	5717
chr7	6	27	7143
chr7	6	28	10654
chr7	6	29	12044
chr7	6	30	14956
chr7	6	31	18208
chr7	6	32	26002
chr7	6	33	33885
chr7	6	34	29881
chr7	6	35	24419
chr7	6	36	17496
chr7	6	37	12264
chr7	6	38	8902
chr7	6	39	5944
chr7	6	40	4441
chr7	6	41	2979
chr7	6	42	2204
chr7	6	43	1427
chr7	6	44	1073
chr7	6	45	728
chr7	6	46	536
chr7	6	47	396
chr7	6	48	327
chr7	6	49	283
chr7	6	50	302
chr7	6	51	289
chr7	6	52	370
chr7	6	53	434
chr7	6	54	512
chr7	6	55	629
chr7	6	56	679
chr7	6	57	727
chr7	6	58	627
chr7	6	59	526
chr7	6	60	368
chr7	6	61	218
chr7	6	62	160
chr7	6	63	99
chr7	6	64	45
chr7	6	65	24
chr7	6	66	8
chr7	6	67	1
chr7	6	68	2
chr8	6	7	364
chr8	6	8	405
chr8	6	9	424
chr8	6	10	494
chr8	6	11	570
chr8	6	12	609
chr8	6	13	687
chr8	6	14	808
chr8	6	15	909
chr8	6	16	981
chr8	6	17	1039
chr8	6	18	1346
chr8	6	19	1485
chr8	6	20	1801
chr8	6	21	1874
chr8	6	22	2425
chr8	6	23	2741
chr8	6	24	3884
chr8	6	25	3563
chr8	6	26	5852
chr8	6	27	7044
chr8	6	28	10354
chr8	6	29	11947
chr8	6	30	14777
chr8	6	31	18019
chr8	6	32	26109
chr8	6	33	33972
chr8	6	34	29743
chr8	6	35	24857
chr8	6	36	17428
chr8	6	37	12382
chr8	6	38	9026
chr8	6	39	5982
chr8	6	40	4651
chr8	6	41	3023
chr8	6	42	2164
chr8	6	43	1470
chr8	6	44	1088
chr8	6	45	738
chr8	6	46	529
chr8	6	47	413
chr8	6	48	318
chr8	6	49	282
chr8	6	50	271
chr8	6	51	312
chr8	6	52	362
chr8	6	53	447
chr8	6	54	526
chr8	6	55	626
chr8	6	56	679
chr8	6	57	671
chr8	6	58	606
chr8	6	59	473
chr8	6	60	344
chr8	6	61	227
chr8	6	62	149
chr8	6	63	70
chr8	6	64	31
chr8	6	65	16
chr8	6	66	5
chr8	6	67	2
chr9	6	7	249
chr9	6	8	298
chr9	6	9	363
chr9	6	10	381
chr9	6	11	457
chr9	6	12	452
chr9	6	13	496
chr9	6	14	557
chr9	6	15	603
chr9	6	16	715
chr9	6	17	810
chr9	6	18	1047
chr9	6	19	1122
chr9	6	20	1406
chr9	6	21	1607
chr9	6	22	1886
chr9	6	23	2162
chr9	6	24	3079
chr9	6	25	2665
chr9	6	26	4225
chr9	6	27	5416
chr9	6	28	8128
chr9	6	29	9277
chr9	6	30	11363
chr9	6	31	13719
chr9	6	32	20021
chr9	6	33	25210
chr9	6	34	22533
chr9	6	35	18665
chr9	6	36	13139
chr9	6	37	9208
chr9	6	38	6637
chr9	6	39	4298
chr9	6	40	3412
chr9	6	41	2217
chr9	6	42	1555
chr9	6	43	1073
chr9	6	44	801
chr9	6	45	589
chr9	6	46	429
chr9	6	47	319
chr9	6	48	233
chr9	6	49	204
chr9	6	50	212
chr9	6	51	234
chr9	6	52	296
chr9	6	53	350
chr9	6	54	383
chr9	6	55	523
chr9	6	56	524
chr9	6	57	545
chr9	6	58	463
chr9	6	59	401
chr9	6	60	284
chr9	6	61	182
chr9	6	62	97
chr9	6	63	65
chr9	6	64	21
chr9	6	65	9
chr9	6	66	7
chr9	6	67	1
chr10	6	7	294
chr10	6	8	396
chr10	6	9	401
chr10	6	10	417
chr10	6	11	485
chr10	6	12	584
chr10	6	13	612
chr10	6	14	684
chr10	6	15	768
chr10	6	16	896
chr10	6	17	945
chr10	6	18	1231
chr10	6	19	1331
chr10	6	20	1604
chr10	6	21	1839
chr10	6	22	2256
chr10	6	23	2595
chr10	6	24	3657
chr10	6	25	3284
chr10	6	26	5254
chr10	6	27	6450
chr10	6	28	9514
chr10	6	29	10807
chr10	6	30	13512
chr10	6	31	16493
chr10	6	32	23803
chr10	6	33	30273
chr10	6	34	26865
chr10	6	35	22266
chr10	6	36	15815
chr10	6	37	10868
chr10	6	38	8077
chr10	6	39	5241
chr10	6	40	4114
chr10	6	41	2603
chr10	6	42	2035
chr10	6	43	1257
chr10	6	44	918
chr10	6	45	622
chr10	6	46	486
chr10	6	47	375
chr10	6	48	320
chr10	6	49	273
chr10	6	50	297
chr10	6	51	278
chr10	6	52	290
chr10	6	53	404
chr10	6	54	505
chr10	6	55	606
chr10	6	56	675
chr10	6	57	689
chr10	6	58	594
chr10	6	59	482
chr10	6	60	349
chr10	6	61	250
chr10	6	62	159
chr10	6	63	85
chr10	6	64	25
chr10	6	65	12
chr10	6	66	8
chr10	6	67	3
chr10	6	68	1
chr11	6	7	303
chr11	6	8	350
chr11	6	9	403
chr11	6	10	434
chr11	6	11	554
chr11	6	12	558
chr11	6	13	573
chr11	6	14	674
chr11	6	15	789
chr11	6	16	896
chr11	6	17	973
chr11	6	18	1236
chr11	6	19	1295
chr11	6	20	1563
chr11	6	21	1823
chr11	6	22	2250
chr11	6	23	2411
chr11	6	24	3543
chr11	6	25	3263
chr11	6	26	5288
chr11	6	27	6319
chr11	6	28	9677
chr11	6	29	10896
chr11	6	30	13545
chr11	6	31	16748
chr11	6	32	23837
chr11	6	33	30536
chr11	6	34	26873
chr11	6	35	22244
chr11	6	36	15897
chr11	6	37	10958
chr11	6	38	8051
chr11	6	39	5229
chr11	6	40	4000
chr11	6	41	2549
chr11	6	42	1978
chr11	6	43	1301
chr11	6	44	925
chr11	6	45	647
chr11	6	46	459
chr11	6	47	358
chr11	6	48	291
chr11	6	49	267
chr11	6	50	252
chr11	6	51	289
chr11	6	52	373
chr11	6	53	418
chr11	6	54	499
chr11	6	55	598
chr11	6	56	662
chr11	6	57	640
chr11	6	58	575
chr11	6	59	439
chr11	6	60	335
chr11	6	61	245
chr11	6	62	138
chr11	6	63	72
chr11	6	64	29
chr11	6	65	16
chr11	6	66	8
chr11	6	67	3
chr11	6	68	2
chr12	6	7	271
chr12	6	8	351
chr12	6	9	414
chr12	6	10	408
chr12	6	11	493
chr12	6	12	558
chr12	6	13	612
chr12	6	14	711
chr12	6	15	794
chr12	6	16	818
chr12	6	17	1028
chr12	6	18	1213
chr12	6	19	1321
chr12	6	20	1617
chr12	6	21	1793
chr12	6	22	2280
chr12	6	23	2428
chr12	6	24	3562
chr12	6	25	3212
chr12	6	26	5157
chr12	6	27	6411
chr12	6	28	9532
chr12	6	29	10732
chr12	6	30	13632
chr12	6	31	16222
chr12	6	32	22939
chr12	6	33	29344
chr12	6	34	26456
chr12	6	35	21602
chr12	6	36	15392
chr12	6	37	10550
chr12	6	38	7653
chr12	6	39	5192
chr12	6	40	3893
chr12	6	41	2636
chr12	6	42	1894
chr12	6	43	1317
chr12	6	44	950
chr12	6	45	634
chr12	6	46	437
chr12	6	47	385
chr12	6	48	295
chr12	6	49	259
chr12	6	50	266
chr12	6	51	274
chr12	6	52	298
chr12	6	53	398
chr12	6	54	508
chr12	6	55	556
chr12	6	56	629
chr12	6	57	611
chr12	6	58	582
chr12	6	59	484
chr12	6	60	338
chr12	6	61	229
chr12	6	62	136
chr12	6	63	75
chr12	6	64	38
chr12	6	65	24
chr12	6	66	8
chr12	6	67	4
chr12	6	68	2
chr13	6	7	221
chr13	6	8	282
chr13	6	9	293
chr13	6	10	344
chr13	6	11	354
chr13	6	12	433
chr13	6	13	506
chr13	6	14	505
chr13	6	15	578
chr13	6	16	581
chr13	6	17	709
chr13	6	18	897
chr13	6	19	940
chr13	6	20	1204
chr13	6	21	1354
chr13	6	22	1618
chr13	6	23	1764
chr13	6	24	2572
chr13	6	25	2300
chr13	6	26	3779
chr13	6	27	4597
chr13	6	28	6742
chr13	6	29	7973
chr13	6	30	9904
chr13	6	31	11798
chr13	6	32	17112
chr13	6	33	22475
chr13	6	34	19585
chr13	6	35	16211
chr13	6	36	11428
chr13	6	37	8034
chr13	6	38	5881
chr13	6	39	3819
chr13	6	40	2928
chr13	6	41	1923
chr13	6	42	1473
chr13	6	43	914
chr13	6	44	693
chr13	6	45	452
chr13	6	46	309
chr13	6	47	249
chr13	6	48	221
chr13	6	49	165
chr13	6	50	150
chr13	6	51	191
chr13	6	52	218
chr13	6	53	253
chr13	6	54	349
chr13	6	55	374
chr13	6	56	441
chr13	6	57	446
chr13	6	58	351
chr13	6	59	318
chr13	6	60	244
chr13	6	61	148
chr13	6	62	99
chr13	6	63	45
chr13	6	64	28
chr13	6	65	14
chr13	6	66	4
chr13	6	67	4
chr14	6	7	205
chr14	6	8	225
chr14	6	9	257
chr14	6	10	281
chr14	6	11	378
chr14	6	12	387
chr14	6	13	441
chr14	6	14	469
chr14	6	15	504
chr14	6	16	606
chr14	6	17	660
chr14	6	18	799
chr14	6	19	886
chr14	6	20	1042
chr14	6	21	1224
chr14	6	22	1534
chr14	6	23	1658
chr14	6	24	2315
chr14	6	25	2147
chr14	6	26	3545
chr14	6	27	4212
chr14	6	28	6500
chr14	6	29	7324
chr14	6	30	9138
chr14	6	31	11085
chr14	6	32	15854
chr14	6	33	20226
chr14	6	34	17948
chr14	6	35	14618
chr14	6	36	10406
chr14	6	37	7418
chr14	6	38	5282
chr14	6	39	3397
chr14	6	40	2718
chr14	6	41	1789
chr14	6	42	1295
chr14	6	43	856
chr14	6	44	616
chr14	6	45	425
chr14	6	46	336
chr14	6	47	249
chr14	6	48	177
chr14	6	49	198
chr14	6	50	179
chr14	6	51	186
chr14	6	52	201
chr14	6	53	299
chr14	6	54	390
chr14	6	55	419
chr14	6	56	453
chr14	6	57	437
chr14	6	58	418
chr14	6	59	262
chr14	6	60	231
chr14	6	61	171
chr14	6	62	86
chr14	6	63	49
chr14	6	64	23
chr14	6	65	12
chr14	6	66	3
chr15	6	7	176
chr15	6	8	202
chr15	6	9	236
chr15	6	10	282
chr15	6	11	317
chr15	6	12	352
chr15	6	13	387
chr15	6	14	404
chr15	6	15	511
chr15	6	16	556
chr15	6	17	626
chr15	6	18	715
chr15	6	19	805
chr15	6	20	1007
chr15	6	21	1095
chr15	6	22	1387
chr15	6	23	1520
chr15	6	24	2120
chr15	6	25	1887
chr15	6	26	3201
chr15	6	27	3862
chr15	6	28	5800
chr15	6	29	6429
chr15	6	30	7993
chr15	6	31	9990
chr15	6	32	13899
chr15	6	33	17920
chr15	6	34	16169
chr15	6	35	13278
chr15	6	36	9193
chr15	6	37	6257
chr15	6	38	4616
chr15	6	39	3096
chr15	6	40	2283
chr15	6	41	1507
chr15	6	42	1125
chr15	6	43	757
chr15	6	44	555
chr15	6	45	375
chr15	6	46	267
chr15	6	47	223
chr15	6	48	164
chr15	6	49	170
chr15	6	50	171
chr15	6	51	170
chr15	6	52	195
chr15	6	53	265
chr15	6	54	313
chr15	6	55	340
chr15	6	56	419
chr15	6	57	396
chr15	6	58	393
chr15	6	59	318
chr15	6	60	236
chr15	6	61	155
chr15	6	62	96
chr15	6	63	37
chr15	6	64	18
chr15	6	65	14
chr15	6	66	3
chr16	6	7	193
chr16	6	8	211
chr16	6	9	232
chr16	6	10	244
chr16	6	11	306
chr16	6	12	320
chr16	6	13	351
chr16	6	14	396
chr16	6	15	487
chr16	6	16	500
chr16	6	17	569
chr16	6	18	728
chr16	6	19	760
chr16	6	20	900
chr16	6	21	1104
chr16	6	22	1263
chr16	6	23	1392
chr16	6	24	2140
chr16	6	25	1934
chr16	6	26	3107
chr16	6	27	3691
chr16	6	28	5607
chr16	6	29	6338
chr16	6	30	7835
chr16	6	31	9439
chr16	6	32	13549
chr16	6	33	17380
chr16	6	34	15538
chr16	6	35	12621
chr16	6	36	9098
chr16	6	37	6171
chr16	6	38	4585
chr16	6	39	2923
chr16	6	40	2261
chr16	6	41	1475
chr16	6	42	1119
chr16	6	43	720
chr16	6	44	542
chr16	6	45	359
chr16	6	46	299
chr16	6	47	192
chr16	6	48	171
chr16	6	49	156
chr16	6	50	159
chr16	6	51	193
chr16	6	52	207
chr16	6	53	239
chr16	6	54	307
chr16	6	55	339
chr16	6	56	378
chr16	6	57	392
chr16	6	58	366
chr16	6	59	314
chr16	6	60	219
chr16	6	61	138
chr16	6	62	76
chr16	6	63	44
chr16	6	64	22
chr16	6	65	6
chr16	6	66	7
chr16	6	67	1
chr17	6	7	167
chr17	6	8	185
chr17	6	9	242
chr17	6	10	244
chr17	6	11	268
chr17	6	12	304
chr17	6	13	375
chr17	6	14	417
chr17	6	15	458
chr17	6	16	517
chr17	6	17	640
chr17	6	18	689
chr17	6	19	755
chr17	6	20	933
chr17	6	21	1080
chr17	6	22	1201
chr17	6	23	1353
chr17	6	24	2073
chr17	6	25	1958
chr17	6	26	3107
chr17	6	27	3666
chr17	6	28	5667
chr17	6	29	6268
chr17	6	30	7570
chr17	6	31	9278
chr17	6	32	13329
chr17	6	33	16669
chr17	6	34	15055
chr17	6	35	11924
chr17	6	36	8521
chr17	6	37	5757
chr17	6	38	4166
chr17	6	39	2763
chr17	6	40	2018
chr17	6	41	1365
chr17	6	42	992
chr17	6	43	623
chr17	6	44	502
chr17	6	45	351
chr17	6	46	255
chr17	6	47	188
chr17	6	48	170
chr17	6	49	152
chr17	6	50	155
chr17	6	51	170
chr17	6	52	210
chr17	6	53	266
chr17	6	54	321
chr17	6	55	375
chr17	6	56	422
chr17	6	57	395
chr17	6	58	407
chr17	6	59	347
chr17	6	60	241
chr17	6	61	142
chr17	6	62	81
chr17	6	63	41
chr17	6	64	24
chr17	6	65	14
chr17	6	66	4
chr17	6	67	3
chr18	6	7	159
chr18	6	8	228
chr18	6	9	242
chr18	6	10	299
chr18	6	11	314
chr18	6	12	304
chr18	6	13	347
chr18	6	14	403
chr18	6	15	464
chr18	6	16	531
chr18	6	17	583
chr18	6	18	726
chr18	6	19	831
chr18	6	20	943
chr18	6	21	1057
chr18	6	22	1304
chr18	6	23	1434
chr18	6	24	1984
chr18	6	25	1825
chr18	6	26	3133
chr18	6	27	3680
chr18	6	28	5475
chr18	6	29	6411
chr18	6	30	7912
chr18	6	31	9627
chr18	6	32	13760
chr18	6	33	17944
chr18	6	34	16183
chr18	6	35	13224
chr18	6	36	9320
chr18	6	37	6475
chr18	6	38	4936
chr18	6	39	3106
chr18	6	40	2421
chr18	6	41	1639
chr18	6	42	1199
chr18	6	43	807
chr18	6	44	594
chr18	6	45	378
chr18	6	46	321
chr18	6	47	220
chr18	6	48	160
chr18	6	49	151
chr18	6	50	158
chr18	6	51	149
chr18	6	52	196
chr18	6	53	231
chr18	6	54	268
chr18	6	55	307
chr18	6	56	326
chr18	6	57	310
chr18	6	58	333
chr18	6	59	250
chr18	6	60	188
chr18	6	61	123
chr18	6	62	69
chr18	6	63	38
chr18	6	64	16
chr18	6	65	4
chr18	6	67	1
chr18	6	68	1
chr19	6	7	114
chr19	6	8	127
chr19	6	9	115
chr19	6	10	149
chr19	6	11	201
chr19	6	12	193
chr19	6	13	260
chr19	6	14	247
chr19	6	15	307
chr19	6	16	352
chr19	6	17	409
chr19	6	18	467
chr19	6	19	478
chr19	6	20	583
chr19	6	21	715
chr19	6	22	803
chr19	6	23	986
chr19	6	24	1400
chr19	6	25	1276
chr19	6	26	2019
chr19	6	27	2450
chr19	6	28	3622
chr19	6	29	4117
chr19	6	30	4929
chr19	6	31	5775
chr19	6	32	8336
chr19	6	33	10233
chr19	6	34	8998
chr19	6	35	6963
chr19	6	36	5150
chr19	6	37	3413
chr19	6	38	2483
chr19	6	39	1619
chr19	6	40	1179
chr19	6	41	759
chr19	6	42	549
chr19	6	43	426
chr19	6	44	251
chr19	6	45	205
chr19	6	46	144
chr19	6	47	108
chr19	6	48	113
chr19	6	49	88
chr19	6	50	92
chr19	6	51	118
chr19	6	52	126
chr19	6	53	189
chr19	6	54	208
chr19	6	55	241
chr19	6	56	260
chr19	6	57	269
chr19	6	58	210
chr19	6	59	212
chr19	6	60	157
chr19	6	61	97
chr19	6	62	59
chr19	6	63	33
chr19	6	64	12
chr19	6	65	5
chr19	6	66	4
chr19	6	67	4
chr20	6	7	117
chr20	6	8	172
chr20	6	9	214
chr20	6	10	208
chr20	6	11	236
chr20	6	12	289
chr20	6	13	311
chr20	6	14	310
chr20	6	15	400
chr20	6	16	422
chr20	6	17	491
chr20	6	18	602
chr20	6	19	641
chr20	6	20	766
chr20	6	21	819
chr20	6	22	1044
chr20	6	23	1217
chr20	6	24	1695
chr20	6	25	1636
chr20	6	26	2420
chr20	6	27	3080
chr20	6	28	4570
chr20	6	29	5383
chr20	6	30	6534
chr20	6	31	8026
chr20	6	32	11566
chr20	6	33	14778
chr20	6	34	13338
chr20	6	35	10818
chr20	6	36	7795
chr20	6	37	5224
chr20	6	38	3883
chr20	6	39	2602
chr20	6	40	1935
chr20	6	41	1321
chr20	6	42	941
chr20	6	43	615
chr20	6	44	456
chr20	6	45	328
chr20	6	46	244
chr20	6	47	195
chr20	6	48	155
chr20	6	49	138
chr20	6	50	114
chr20	6	51	160
chr20	6	52	186
chr20	6	53	218
chr20	6	54	229
chr20	6	55	325
chr20	6	56	341
chr20	6	57	322
chr20	6	58	306
chr20	6	59	250
chr20	6	60	182
chr20	6	61	102
chr20	6	62	65
chr20	6	63	41
chr20	6	64	12
chr20	6	65	6
chr20	6	66	4
chr21	6	7	73
chr21	6	8	94
chr21	6	9	111
chr21	6	10	136
chr21	6	11	137
chr21	6	12	135
chr21	6	13	162
chr21	6	14	187
chr21	6	15	218
chr21	6	16	245
chr21	6	17	247
chr21	6	18	316
chr21	6	19	338
chr21	6	20	411
chr21	6	21	490
chr21	6	22	608
chr21	6	23	695
chr21	6	24	911
chr21	6	25	847
chr21	6	26	1379
chr21	6	27	1652
chr21	6	28	2525
chr21	6	29	2740
chr21	6	30	3638
chr21	6	31	4151
chr21	6	32	6102
chr21	6	33	7888
chr21	6	34	6941
chr21	6	35	5639
chr21	6	36	4070
chr21	6	37	2747
chr21	6	38	2048
chr21	6	39	1320
chr21	6	40	998
chr21	6	41	682
chr21	6	42	494
chr21	6	43	330
chr21	6	44	223
chr21	6	45	149
chr21	6	46	101
chr21	6	47	69
chr21	6	48	75
chr21	6	49	61
chr21	6	50	71
chr21	6	51	66
chr21	6	52	91
chr21	6	53	105
chr21	6	54	134
chr21	6	55	163
chr21	6	56	153
chr21	6	57	163
chr21	6	58	140
chr21	6	59	123
chr21	6	60	113
chr21	6	61	47
chr21	6	62	39
chr21	6	63	24
chr21	6	64	7
chr21	6	65	1
chr21	6	66	2
chr22	6	7	84
chr22	6	8	84
chr22	6	9	110
chr22	6	10	100
chr22	6	11	128
chr22	6	12	149
chr22	6	13	164
chr22	6	14	177
chr22	6	15	214
chr22	6	16	279
chr22	6	17	274
chr22	6	18	311
chr22	6	19	329
chr22	6	20	452
chr22	6	21	471
chr22	6	22	603
chr22	6	23	613
chr22	6	24	946
chr22	6	25	873
chr22	6	26	1413
chr22	6	27	1743
chr22	6	28	2515
chr22	6	29	2940
chr22	6	30	3520
chr22	6	31	4423
chr22	6	32	6027
chr22	6	33	7585
chr22	6	34	6928
chr22	6	35	5528
chr22	6	36	4108
chr22	6	37	2711
chr22	6	38	1938
chr22	6	39	1221
chr22	6	40	1007
chr22	6	41	586
chr22	6	42	437
chr22	6	43	309
chr22	6	44	245
chr22	6	45	186
chr22	6	46	118
chr22	6	47	98
chr22	6	48	57
chr22	6	49	66
chr22	6	50	81
chr22	6	51	81
chr22	6	52	103
chr22	6	53	124
chr22	6	54	137
chr22	6	55	201
chr22	6	56	202
chr22	6	57	204
chr22	6	58	206
chr22	6	59	165
chr22	6	60	99
chr22	6	61	74
chr22	6	62	45
chr22	6	63	21
chr22	6	64	9
chr22	6	65	5
chr22	6	66	1
chr22	6	67	2
chrX	6	7	279
chrX	6	8	340
chrX	6	9	363
chrX	6	10	445
chrX	6	11	569
chrX	6	12	533
chrX	6	13	634
chrX	6	14	679
chrX	6	15	831
chrX	6	16	894
chrX	6	17	1017
chrX	6	18	1252
chrX	6	19	1375
chrX	6	20	1694
chrX	6	21	1895
chrX	6	22	2321
chrX	6	23	2594
chrX	6	24	3629
chrX	6	25	3172
chrX	6	26	5378
chrX	6	27	6586
chrX	6	28	9948
chrX	6	29	10944
chrX	6	30	14099
chrX	6	31	16821
chrX	6	32	24614
chrX	6	33	31855
chrX	6	34	28204
chrX	6	35	23282
chrX	6	36	16469
chrX	6	37	11661
chrX	6	38	8327
chrX	6	39	5478
chrX	6	40	4222
chrX	6	41	2760
chrX	6	42	2023
chrX	6	43	1360
chrX	6	44	998
chrX	6	45	711
chrX	6	46	477
chrX	6	47	361
chrX	6	48	301
chrX	6	49	262
chrX	6	50	251
chrX	6	51	291
chrX	6	52	340
chrX	6	53	370
chrX	6	54	460
chrX	6	55	552
chrX	6	56	596
chrX	6	57	528
chrX	6	58	506
chrX	6	59	415
chrX	6	60	356
chrX	6	61	205
chrX	6	62	103
chrX	6	63	69
chrX	6	64	30
chrX	6	65	11
chrX	6	66	3
chrX	6	67	3
chrX	6	68	1
chrX	6	70	1
chrY	6	8	3
chrY	6	9	1
chrY	6	11	2
chrY	6	12	1
chrY	6	13	1
chrY	6	16	3
chrY	6	17	2
chrY	6	18	3
chrY	6	20	3
chrY	6	23	1
chrY	6	24	3
chrY	6	25	4
chrY	6	26	4
chrY	6	27	1
chrY	6	28	5
chrY	6	29	7
chrY	6	30	10
chrY	6	31	8
chrY	6	32	7
chrY	6	33	11
chrY	6	34	9
chrY	6	35	5
chrY	6	36	7
chrY	6	37	6
chrY	6	38	3
chrY	6	39	2
chrY	6	42	1
chrY	6	43	1
chrY	6	47	1
chrY	6	49	1
chrY	6	54	1
chrY	6	58	1
chrM	6	17	2
chrM	6	19	1
chrM	6	20	1
chrM	6	22	3
chrM	6	23	2
chrM	6	24	1
chrM	6	27	1
chrM	6	32	1
chrM	6	35	1
chrM	6	36	1
