##Chromosome	MAQP	Length	ReadsNums
chr1	6	7	560
chr1	6	8	651
chr1	6	9	757
chr1	6	10	764
chr1	6	11	940
chr1	6	12	1017
chr1	6	13	1138
chr1	6	14	1300
chr1	6	15	1586
chr1	6	16	1942
chr1	6	17	2153
chr1	6	18	2951
chr1	6	19	3083
chr1	6	20	4131
chr1	6	21	4532
chr1	6	22	5648
chr1	6	23	6302
chr1	6	24	9091
chr1	6	25	8314
chr1	6	26	13375
chr1	6	27	14570
chr1	6	28	19872
chr1	6	29	20830
chr1	6	30	24602
chr1	6	31	28349
chr1	6	32	38931
chr1	6	33	47884
chr1	6	34	42182
chr1	6	35	36452
chr1	6	36	26175
chr1	6	37	19210
chr1	6	38	14222
chr1	6	39	9745
chr1	6	40	7565
chr1	6	41	4880
chr1	6	42	3734
chr1	6	43	2557
chr1	6	44	1846
chr1	6	45	1286
chr1	6	46	991
chr1	6	47	665
chr1	6	48	557
chr1	6	49	520
chr1	6	50	465
chr1	6	51	538
chr1	6	52	546
chr1	6	53	684
chr1	6	54	781
chr1	6	55	910
chr1	6	56	1054
chr1	6	57	1051
chr1	6	58	952
chr1	6	59	766
chr1	6	60	600
chr1	6	61	372
chr1	6	62	217
chr1	6	63	120
chr1	6	64	61
chr1	6	65	23
chr1	6	66	13
chr1	6	67	4
chr1	6	68	1
chr2	6	7	565
chr2	6	8	677
chr2	6	9	784
chr2	6	10	858
chr2	6	11	961
chr2	6	12	1114
chr2	6	13	1218
chr2	6	14	1381
chr2	6	15	1701
chr2	6	16	1842
chr2	6	17	2181
chr2	6	18	3131
chr2	6	19	3342
chr2	6	20	4195
chr2	6	21	4710
chr2	6	22	6165
chr2	6	23	6583
chr2	6	24	9581
chr2	6	25	8764
chr2	6	26	14007
chr2	6	27	15254
chr2	6	28	20844
chr2	6	29	22041
chr2	6	30	26280
chr2	6	31	30032
chr2	6	32	41130
chr2	6	33	51617
chr2	6	34	45526
chr2	6	35	38883
chr2	6	36	28370
chr2	6	37	20680
chr2	6	38	15506
chr2	6	39	10645
chr2	6	40	8186
chr2	6	41	5413
chr2	6	42	4150
chr2	6	43	2615
chr2	6	44	2012
chr2	6	45	1376
chr2	6	46	1007
chr2	6	47	790
chr2	6	48	583
chr2	6	49	531
chr2	6	50	482
chr2	6	51	518
chr2	6	52	588
chr2	6	53	667
chr2	6	54	829
chr2	6	55	900
chr2	6	56	1013
chr2	6	57	984
chr2	6	58	897
chr2	6	59	770
chr2	6	60	569
chr2	6	61	381
chr2	6	62	232
chr2	6	63	119
chr2	6	64	59
chr2	6	65	15
chr2	6	66	8
chr2	6	67	4
chr2	6	68	1
chr3	6	7	504
chr3	6	8	606
chr3	6	9	650
chr3	6	10	746
chr3	6	11	818
chr3	6	12	944
chr3	6	13	1034
chr3	6	14	1074
chr3	6	15	1362
chr3	6	16	1534
chr3	6	17	1801
chr3	6	18	2580
chr3	6	19	2634
chr3	6	20	3572
chr3	6	21	3719
chr3	6	22	4978
chr3	6	23	5425
chr3	6	24	7969
chr3	6	25	7113
chr3	6	26	11584
chr3	6	27	12383
chr3	6	28	17247
chr3	6	29	17839
chr3	6	30	21485
chr3	6	31	24481
chr3	6	32	33299
chr3	6	33	42606
chr3	6	34	37577
chr3	6	35	32165
chr3	6	36	23337
chr3	6	37	17080
chr3	6	38	12591
chr3	6	39	8546
chr3	6	40	6684
chr3	6	41	4467
chr3	6	42	3349
chr3	6	43	2378
chr3	6	44	1598
chr3	6	45	1141
chr3	6	46	759
chr3	6	47	673
chr3	6	48	513
chr3	6	49	384
chr3	6	50	382
chr3	6	51	410
chr3	6	52	447
chr3	6	53	543
chr3	6	54	690
chr3	6	55	739
chr3	6	56	881
chr3	6	57	801
chr3	6	58	754
chr3	6	59	643
chr3	6	60	468
chr3	6	61	294
chr3	6	62	184
chr3	6	63	82
chr3	6	64	48
chr3	6	65	19
chr3	6	66	8
chr3	6	67	3
chr4	6	7	472
chr4	6	8	555
chr4	6	9	600
chr4	6	10	645
chr4	6	11	769
chr4	6	12	844
chr4	6	13	907
chr4	6	14	1066
chr4	6	15	1292
chr4	6	16	1515
chr4	6	17	1729
chr4	6	18	2360
chr4	6	19	2405
chr4	6	20	3221
chr4	6	21	3627
chr4	6	22	4520
chr4	6	23	4936
chr4	6	24	7152
chr4	6	25	6699
chr4	6	26	10517
chr4	6	27	11051
chr4	6	28	15623
chr4	6	29	16366
chr4	6	30	19472
chr4	6	31	22490
chr4	6	32	30871
chr4	6	33	39192
chr4	6	34	34719
chr4	6	35	29809
chr4	6	36	21567
chr4	6	37	16034
chr4	6	38	11865
chr4	6	39	8286
chr4	6	40	6325
chr4	6	41	4227
chr4	6	42	3145
chr4	6	43	2231
chr4	6	44	1521
chr4	6	45	1086
chr4	6	46	765
chr4	6	47	553
chr4	6	48	451
chr4	6	49	385
chr4	6	50	339
chr4	6	51	381
chr4	6	52	429
chr4	6	53	481
chr4	6	54	571
chr4	6	55	680
chr4	6	56	689
chr4	6	57	658
chr4	6	58	590
chr4	6	59	517
chr4	6	60	382
chr4	6	61	252
chr4	6	62	137
chr4	6	63	86
chr4	6	64	42
chr4	6	65	21
chr4	6	66	7
chr4	6	67	3
chr4	6	68	2
chr5	6	7	445
chr5	6	8	533
chr5	6	9	544
chr5	6	10	620
chr5	6	11	767
chr5	6	12	847
chr5	6	13	925
chr5	6	14	1002
chr5	6	15	1288
chr5	6	16	1380
chr5	6	17	1658
chr5	6	18	2225
chr5	6	19	2495
chr5	6	20	3185
chr5	6	21	3523
chr5	6	22	4476
chr5	6	23	4672
chr5	6	24	7086
chr5	6	25	6338
chr5	6	26	10258
chr5	6	27	10959
chr5	6	28	15307
chr5	6	29	15869
chr5	6	30	19252
chr5	6	31	21820
chr5	6	32	30138
chr5	6	33	37655
chr5	6	34	33439
chr5	6	35	28926
chr5	6	36	20996
chr5	6	37	15553
chr5	6	38	11427
chr5	6	39	8014
chr5	6	40	6088
chr5	6	41	4161
chr5	6	42	3070
chr5	6	43	2096
chr5	6	44	1545
chr5	6	45	1056
chr5	6	46	763
chr5	6	47	546
chr5	6	48	442
chr5	6	49	355
chr5	6	50	358
chr5	6	51	340
chr5	6	52	455
chr5	6	53	483
chr5	6	54	632
chr5	6	55	647
chr5	6	56	747
chr5	6	57	753
chr5	6	58	652
chr5	6	59	547
chr5	6	60	408
chr5	6	61	289
chr5	6	62	153
chr5	6	63	89
chr5	6	64	47
chr5	6	65	11
chr5	6	66	3
chr5	6	67	1
chr5	6	68	1
chr5	6	70	1
chr6	6	7	423
chr6	6	8	513
chr6	6	9	550
chr6	6	10	598
chr6	6	11	674
chr6	6	12	748
chr6	6	13	909
chr6	6	14	941
chr6	6	15	1121
chr6	6	16	1374
chr6	6	17	1587
chr6	6	18	2226
chr6	6	19	2256
chr6	6	20	2990
chr6	6	21	3223
chr6	6	22	4269
chr6	6	23	4533
chr6	6	24	6701
chr6	6	25	6092
chr6	6	26	9917
chr6	6	27	10489
chr6	6	28	14702
chr6	6	29	15116
chr6	6	30	18457
chr6	6	31	21105
chr6	6	32	28568
chr6	6	33	35797
chr6	6	34	31726
chr6	6	35	27575
chr6	6	36	19548
chr6	6	37	14673
chr6	6	38	10804
chr6	6	39	7437
chr6	6	40	5532
chr6	6	41	3829
chr6	6	42	2836
chr6	6	43	1973
chr6	6	44	1327
chr6	6	45	952
chr6	6	46	682
chr6	6	47	507
chr6	6	48	455
chr6	6	49	344
chr6	6	50	331
chr6	6	51	376
chr6	6	52	399
chr6	6	53	445
chr6	6	54	589
chr6	6	55	709
chr6	6	56	701
chr6	6	57	723
chr6	6	58	700
chr6	6	59	492
chr6	6	60	389
chr6	6	61	264
chr6	6	62	154
chr6	6	63	98
chr6	6	64	51
chr6	6	65	19
chr6	6	66	8
chr6	6	67	2
chr6	6	69	2
chr7	6	7	378
chr7	6	8	457
chr7	6	9	466
chr7	6	10	556
chr7	6	11	593
chr7	6	12	722
chr7	6	13	783
chr7	6	14	868
chr7	6	15	1069
chr7	6	16	1255
chr7	6	17	1430
chr7	6	18	1882
chr7	6	19	2000
chr7	6	20	2605
chr7	6	21	3019
chr7	6	22	3697
chr7	6	23	4069
chr7	6	24	6008
chr7	6	25	5314
chr7	6	26	8566
chr7	6	27	9284
chr7	6	28	12976
chr7	6	29	13372
chr7	6	30	15932
chr7	6	31	18267
chr7	6	32	24895
chr7	6	33	31577
chr7	6	34	27589
chr7	6	35	24158
chr7	6	36	17370
chr7	6	37	12475
chr7	6	38	9296
chr7	6	39	6719
chr7	6	40	4875
chr7	6	41	3337
chr7	6	42	2467
chr7	6	43	1700
chr7	6	44	1220
chr7	6	45	832
chr7	6	46	628
chr7	6	47	493
chr7	6	48	370
chr7	6	49	288
chr7	6	50	301
chr7	6	51	293
chr7	6	52	342
chr7	6	53	443
chr7	6	54	463
chr7	6	55	529
chr7	6	56	573
chr7	6	57	575
chr7	6	58	526
chr7	6	59	459
chr7	6	60	324
chr7	6	61	234
chr7	6	62	127
chr7	6	63	71
chr7	6	64	38
chr7	6	65	10
chr7	6	66	2
chr7	6	74	1
chr8	6	7	374
chr8	6	8	439
chr8	6	9	488
chr8	6	10	522
chr8	6	11	600
chr8	6	12	665
chr8	6	13	745
chr8	6	14	902
chr8	6	15	1028
chr8	6	16	1201
chr8	6	17	1358
chr8	6	18	1896
chr8	6	19	1969
chr8	6	20	2659
chr8	6	21	2861
chr8	6	22	3679
chr8	6	23	3991
chr8	6	24	5779
chr8	6	25	5346
chr8	6	26	8428
chr8	6	27	9133
chr8	6	28	12841
chr8	6	29	13286
chr8	6	30	15897
chr8	6	31	17929
chr8	6	32	24669
chr8	6	33	31514
chr8	6	34	27773
chr8	6	35	24057
chr8	6	36	17294
chr8	6	37	12958
chr8	6	38	9630
chr8	6	39	6448
chr8	6	40	5027
chr8	6	41	3468
chr8	6	42	2555
chr8	6	43	1743
chr8	6	44	1271
chr8	6	45	912
chr8	6	46	586
chr8	6	47	486
chr8	6	48	364
chr8	6	49	321
chr8	6	50	317
chr8	6	51	316
chr8	6	52	351
chr8	6	53	407
chr8	6	54	518
chr8	6	55	573
chr8	6	56	599
chr8	6	57	569
chr8	6	58	554
chr8	6	59	431
chr8	6	60	324
chr8	6	61	206
chr8	6	62	132
chr8	6	63	78
chr8	6	64	34
chr8	6	65	18
chr8	6	66	10
chr8	6	67	1
chr9	6	7	279
chr9	6	8	324
chr9	6	9	384
chr9	6	10	405
chr9	6	11	442
chr9	6	12	540
chr9	6	13	603
chr9	6	14	647
chr9	6	15	798
chr9	6	16	947
chr9	6	17	1050
chr9	6	18	1450
chr9	6	19	1582
chr9	6	20	2013
chr9	6	21	2301
chr9	6	22	2889
chr9	6	23	3140
chr9	6	24	4538
chr9	6	25	4145
chr9	6	26	6539
chr9	6	27	7029
chr9	6	28	9942
chr9	6	29	10368
chr9	6	30	12252
chr9	6	31	14259
chr9	6	32	19312
chr9	6	33	23989
chr9	6	34	21307
chr9	6	35	18137
chr9	6	36	13034
chr9	6	37	9704
chr9	6	38	7084
chr9	6	39	5001
chr9	6	40	3615
chr9	6	41	2571
chr9	6	42	1874
chr9	6	43	1259
chr9	6	44	948
chr9	6	45	591
chr9	6	46	449
chr9	6	47	364
chr9	6	48	291
chr9	6	49	234
chr9	6	50	242
chr9	6	51	264
chr9	6	52	257
chr9	6	53	377
chr9	6	54	393
chr9	6	55	460
chr9	6	56	534
chr9	6	57	443
chr9	6	58	418
chr9	6	59	392
chr9	6	60	247
chr9	6	61	206
chr9	6	62	102
chr9	6	63	57
chr9	6	64	20
chr9	6	65	16
chr9	6	66	2
chr9	6	67	1
chr9	6	69	1
chr10	6	7	359
chr10	6	8	395
chr10	6	9	466
chr10	6	10	455
chr10	6	11	585
chr10	6	12	616
chr10	6	13	720
chr10	6	14	788
chr10	6	15	945
chr10	6	16	1091
chr10	6	17	1317
chr10	6	18	1703
chr10	6	19	1921
chr10	6	20	2390
chr10	6	21	2688
chr10	6	22	3468
chr10	6	23	3667
chr10	6	24	5220
chr10	6	25	4907
chr10	6	26	7810
chr10	6	27	8362
chr10	6	28	11784
chr10	6	29	12255
chr10	6	30	14652
chr10	6	31	16706
chr10	6	32	22739
chr10	6	33	28503
chr10	6	34	25473
chr10	6	35	21427
chr10	6	36	16031
chr10	6	37	11652
chr10	6	38	8485
chr10	6	39	5978
chr10	6	40	4438
chr10	6	41	3192
chr10	6	42	2210
chr10	6	43	1530
chr10	6	44	1149
chr10	6	45	774
chr10	6	46	548
chr10	6	47	398
chr10	6	48	334
chr10	6	49	320
chr10	6	50	246
chr10	6	51	295
chr10	6	52	348
chr10	6	53	438
chr10	6	54	487
chr10	6	55	541
chr10	6	56	573
chr10	6	57	566
chr10	6	58	483
chr10	6	59	459
chr10	6	60	327
chr10	6	61	220
chr10	6	62	125
chr10	6	63	57
chr10	6	64	29
chr10	6	65	15
chr10	6	66	7
chr10	6	67	2
chr10	6	68	4
chr10	6	70	1
chr11	6	7	318
chr11	6	8	372
chr11	6	9	494
chr11	6	10	475
chr11	6	11	547
chr11	6	12	649
chr11	6	13	639
chr11	6	14	793
chr11	6	15	902
chr11	6	16	1097
chr11	6	17	1240
chr11	6	18	1690
chr11	6	19	1757
chr11	6	20	2493
chr11	6	21	2546
chr11	6	22	3384
chr11	6	23	3700
chr11	6	24	5338
chr11	6	25	4885
chr11	6	26	7804
chr11	6	27	8489
chr11	6	28	11749
chr11	6	29	12285
chr11	6	30	14557
chr11	6	31	16688
chr11	6	32	22590
chr11	6	33	28541
chr11	6	34	25237
chr11	6	35	21679
chr11	6	36	15623
chr11	6	37	11736
chr11	6	38	8457
chr11	6	39	5928
chr11	6	40	4269
chr11	6	41	3040
chr11	6	42	2265
chr11	6	43	1581
chr11	6	44	1081
chr11	6	45	766
chr11	6	46	574
chr11	6	47	440
chr11	6	48	349
chr11	6	49	271
chr11	6	50	288
chr11	6	51	282
chr11	6	52	359
chr11	6	53	401
chr11	6	54	452
chr11	6	55	562
chr11	6	56	604
chr11	6	57	585
chr11	6	58	486
chr11	6	59	457
chr11	6	60	301
chr11	6	61	209
chr11	6	62	137
chr11	6	63	75
chr11	6	64	26
chr11	6	65	14
chr11	6	66	8
chr11	6	67	4
chr11	6	68	1
chr11	6	69	1
chr12	6	7	333
chr12	6	8	399
chr12	6	9	434
chr12	6	10	471
chr12	6	11	564
chr12	6	12	598
chr12	6	13	660
chr12	6	14	757
chr12	6	15	883
chr12	6	16	1094
chr12	6	17	1194
chr12	6	18	1762
chr12	6	19	1804
chr12	6	20	2319
chr12	6	21	2590
chr12	6	22	3371
chr12	6	23	3674
chr12	6	24	5247
chr12	6	25	4867
chr12	6	26	7541
chr12	6	27	8164
chr12	6	28	11435
chr12	6	29	11857
chr12	6	30	14237
chr12	6	31	16531
chr12	6	32	21756
chr12	6	33	27867
chr12	6	34	24353
chr12	6	35	21352
chr12	6	36	15256
chr12	6	37	11274
chr12	6	38	8365
chr12	6	39	5596
chr12	6	40	4368
chr12	6	41	2973
chr12	6	42	2199
chr12	6	43	1520
chr12	6	44	1017
chr12	6	45	761
chr12	6	46	501
chr12	6	47	394
chr12	6	48	331
chr12	6	49	303
chr12	6	50	272
chr12	6	51	317
chr12	6	52	330
chr12	6	53	361
chr12	6	54	471
chr12	6	55	512
chr12	6	56	547
chr12	6	57	593
chr12	6	58	492
chr12	6	59	388
chr12	6	60	304
chr12	6	61	214
chr12	6	62	122
chr12	6	63	74
chr12	6	64	32
chr12	6	65	21
chr12	6	66	9
chr12	6	67	1
chr12	6	68	1
chr13	6	7	229
chr13	6	8	317
chr13	6	9	316
chr13	6	10	351
chr13	6	11	395
chr13	6	12	413
chr13	6	13	490
chr13	6	14	541
chr13	6	15	643
chr13	6	16	750
chr13	6	17	937
chr13	6	18	1186
chr13	6	19	1244
chr13	6	20	1745
chr13	6	21	1933
chr13	6	22	2431
chr13	6	23	2541
chr13	6	24	3879
chr13	6	25	3488
chr13	6	26	5488
chr13	6	27	5786
chr13	6	28	8219
chr13	6	29	8646
chr13	6	30	10198
chr13	6	31	11971
chr13	6	32	15956
chr13	6	33	20434
chr13	6	34	17828
chr13	6	35	15639
chr13	6	36	11119
chr13	6	37	8361
chr13	6	38	6107
chr13	6	39	4299
chr13	6	40	3127
chr13	6	41	2135
chr13	6	42	1742
chr13	6	43	1059
chr13	6	44	812
chr13	6	45	512
chr13	6	46	369
chr13	6	47	287
chr13	6	48	226
chr13	6	49	214
chr13	6	50	177
chr13	6	51	193
chr13	6	52	180
chr13	6	53	278
chr13	6	54	306
chr13	6	55	374
chr13	6	56	390
chr13	6	57	365
chr13	6	58	356
chr13	6	59	279
chr13	6	60	215
chr13	6	61	137
chr13	6	62	80
chr13	6	63	41
chr13	6	64	14
chr13	6	65	12
chr13	6	66	4
chr13	6	67	1
chr14	6	7	225
chr14	6	8	265
chr14	6	9	274
chr14	6	10	304
chr14	6	11	385
chr14	6	12	393
chr14	6	13	473
chr14	6	14	527
chr14	6	15	592
chr14	6	16	742
chr14	6	17	854
chr14	6	18	1174
chr14	6	19	1208
chr14	6	20	1641
chr14	6	21	1692
chr14	6	22	2260
chr14	6	23	2345
chr14	6	24	3595
chr14	6	25	3278
chr14	6	26	5133
chr14	6	27	5647
chr14	6	28	7750
chr14	6	29	8205
chr14	6	30	9590
chr14	6	31	10999
chr14	6	32	15210
chr14	6	33	19134
chr14	6	34	16677
chr14	6	35	14356
chr14	6	36	10301
chr14	6	37	7585
chr14	6	38	5687
chr14	6	39	3942
chr14	6	40	2995
chr14	6	41	1994
chr14	6	42	1457
chr14	6	43	967
chr14	6	44	762
chr14	6	45	484
chr14	6	46	351
chr14	6	47	257
chr14	6	48	230
chr14	6	49	216
chr14	6	50	183
chr14	6	51	201
chr14	6	52	219
chr14	6	53	248
chr14	6	54	327
chr14	6	55	327
chr14	6	56	414
chr14	6	57	360
chr14	6	58	342
chr14	6	59	289
chr14	6	60	246
chr14	6	61	172
chr14	6	62	86
chr14	6	63	41
chr14	6	64	35
chr14	6	65	12
chr14	6	66	6
chr14	6	67	3
chr15	6	7	186
chr15	6	8	214
chr15	6	9	252
chr15	6	10	284
chr15	6	11	363
chr15	6	12	382
chr15	6	13	426
chr15	6	14	483
chr15	6	15	535
chr15	6	16	669
chr15	6	17	743
chr15	6	18	1131
chr15	6	19	1135
chr15	6	20	1458
chr15	6	21	1557
chr15	6	22	2122
chr15	6	23	2227
chr15	6	24	3279
chr15	6	25	3057
chr15	6	26	4746
chr15	6	27	5082
chr15	6	28	7043
chr15	6	29	7592
chr15	6	30	8863
chr15	6	31	10153
chr15	6	32	13962
chr15	6	33	17021
chr15	6	34	15349
chr15	6	35	13130
chr15	6	36	9254
chr15	6	37	6928
chr15	6	38	5208
chr15	6	39	3506
chr15	6	40	2665
chr15	6	41	1807
chr15	6	42	1374
chr15	6	43	919
chr15	6	44	656
chr15	6	45	459
chr15	6	46	335
chr15	6	47	242
chr15	6	48	191
chr15	6	49	183
chr15	6	50	170
chr15	6	51	160
chr15	6	52	196
chr15	6	53	246
chr15	6	54	289
chr15	6	55	353
chr15	6	56	370
chr15	6	57	331
chr15	6	58	335
chr15	6	59	246
chr15	6	60	194
chr15	6	61	112
chr15	6	62	93
chr15	6	63	29
chr15	6	64	21
chr15	6	65	5
chr15	6	66	5
chr15	6	67	1
chr15	6	69	1
chr16	6	7	186
chr16	6	8	233
chr16	6	9	243
chr16	6	10	283
chr16	6	11	330
chr16	6	12	358
chr16	6	13	431
chr16	6	14	487
chr16	6	15	537
chr16	6	16	676
chr16	6	17	751
chr16	6	18	1007
chr16	6	19	1054
chr16	6	20	1421
chr16	6	21	1575
chr16	6	22	1995
chr16	6	23	2231
chr16	6	24	3244
chr16	6	25	2906
chr16	6	26	4603
chr16	6	27	4934
chr16	6	28	7118
chr16	6	29	7198
chr16	6	30	8521
chr16	6	31	9791
chr16	6	32	13582
chr16	6	33	16560
chr16	6	34	14810
chr16	6	35	12493
chr16	6	36	9084
chr16	6	37	6743
chr16	6	38	4942
chr16	6	39	3413
chr16	6	40	2453
chr16	6	41	1745
chr16	6	42	1280
chr16	6	43	841
chr16	6	44	621
chr16	6	45	454
chr16	6	46	336
chr16	6	47	243
chr16	6	48	194
chr16	6	49	171
chr16	6	50	155
chr16	6	51	181
chr16	6	52	195
chr16	6	53	247
chr16	6	54	302
chr16	6	55	324
chr16	6	56	340
chr16	6	57	325
chr16	6	58	311
chr16	6	59	267
chr16	6	60	188
chr16	6	61	137
chr16	6	62	92
chr16	6	63	43
chr16	6	64	17
chr16	6	65	7
chr16	6	66	5
chr17	6	7	214
chr17	6	8	250
chr17	6	9	269
chr17	6	10	270
chr17	6	11	306
chr17	6	12	350
chr17	6	13	393
chr17	6	14	498
chr17	6	15	543
chr17	6	16	641
chr17	6	17	771
chr17	6	18	992
chr17	6	19	1128
chr17	6	20	1405
chr17	6	21	1589
chr17	6	22	2049
chr17	6	23	2228
chr17	6	24	3171
chr17	6	25	2939
chr17	6	26	4636
chr17	6	27	5048
chr17	6	28	6967
chr17	6	29	7188
chr17	6	30	8345
chr17	6	31	9610
chr17	6	32	13117
chr17	6	33	15818
chr17	6	34	14323
chr17	6	35	11892
chr17	6	36	8693
chr17	6	37	6229
chr17	6	38	4484
chr17	6	39	3213
chr17	6	40	2327
chr17	6	41	1533
chr17	6	42	1175
chr17	6	43	831
chr17	6	44	535
chr17	6	45	387
chr17	6	46	297
chr17	6	47	238
chr17	6	48	186
chr17	6	49	180
chr17	6	50	173
chr17	6	51	179
chr17	6	52	207
chr17	6	53	226
chr17	6	54	291
chr17	6	55	340
chr17	6	56	368
chr17	6	57	421
chr17	6	58	332
chr17	6	59	290
chr17	6	60	234
chr17	6	61	143
chr17	6	62	102
chr17	6	63	39
chr17	6	64	16
chr17	6	65	8
chr17	6	66	5
chr17	6	67	1
chr17	6	68	1
chr18	6	7	208
chr18	6	8	239
chr18	6	9	267
chr18	6	10	300
chr18	6	11	357
chr18	6	12	352
chr18	6	13	443
chr18	6	14	462
chr18	6	15	546
chr18	6	16	563
chr18	6	17	669
chr18	6	18	1008
chr18	6	19	1069
chr18	6	20	1391
chr18	6	21	1572
chr18	6	22	1980
chr18	6	23	2138
chr18	6	24	3124
chr18	6	25	2692
chr18	6	26	4513
chr18	6	27	4710
chr18	6	28	6743
chr18	6	29	7012
chr18	6	30	8352
chr18	6	31	9778
chr18	6	32	13234
chr18	6	33	16854
chr18	6	34	14909
chr18	6	35	12869
chr18	6	36	9200
chr18	6	37	6947
chr18	6	38	5107
chr18	6	39	3560
chr18	6	40	2598
chr18	6	41	1824
chr18	6	42	1345
chr18	6	43	936
chr18	6	44	659
chr18	6	45	459
chr18	6	46	315
chr18	6	47	265
chr18	6	48	188
chr18	6	49	190
chr18	6	50	159
chr18	6	51	173
chr18	6	52	170
chr18	6	53	209
chr18	6	54	224
chr18	6	55	270
chr18	6	56	314
chr18	6	57	311
chr18	6	58	292
chr18	6	59	214
chr18	6	60	189
chr18	6	61	103
chr18	6	62	62
chr18	6	63	47
chr18	6	64	22
chr18	6	65	6
chr18	6	66	2
chr18	6	71	1
chr19	6	7	126
chr19	6	8	151
chr19	6	9	143
chr19	6	10	174
chr19	6	11	220
chr19	6	12	244
chr19	6	13	254
chr19	6	14	316
chr19	6	15	395
chr19	6	16	415
chr19	6	17	567
chr19	6	18	671
chr19	6	19	730
chr19	6	20	895
chr19	6	21	1069
chr19	6	22	1328
chr19	6	23	1392
chr19	6	24	2211
chr19	6	25	2066
chr19	6	26	3108
chr19	6	27	3236
chr19	6	28	4426
chr19	6	29	4608
chr19	6	30	5432
chr19	6	31	6255
chr19	6	32	8094
chr19	6	33	9452
chr19	6	34	8665
chr19	6	35	7096
chr19	6	36	5124
chr19	6	37	3750
chr19	6	38	2705
chr19	6	39	1850
chr19	6	40	1305
chr19	6	41	930
chr19	6	42	669
chr19	6	43	459
chr19	6	44	317
chr19	6	45	227
chr19	6	46	210
chr19	6	47	131
chr19	6	48	126
chr19	6	49	105
chr19	6	50	108
chr19	6	51	115
chr19	6	52	128
chr19	6	53	166
chr19	6	54	185
chr19	6	55	220
chr19	6	56	256
chr19	6	57	247
chr19	6	58	213
chr19	6	59	193
chr19	6	60	161
chr19	6	61	101
chr19	6	62	47
chr19	6	63	22
chr19	6	64	12
chr19	6	65	8
chr19	6	66	2
chr19	6	67	1
chr19	6	68	1
chr20	6	7	170
chr20	6	8	198
chr20	6	9	226
chr20	6	10	236
chr20	6	11	264
chr20	6	12	301
chr20	6	13	344
chr20	6	14	375
chr20	6	15	462
chr20	6	16	600
chr20	6	17	582
chr20	6	18	910
chr20	6	19	871
chr20	6	20	1192
chr20	6	21	1282
chr20	6	22	1704
chr20	6	23	1767
chr20	6	24	2655
chr20	6	25	2497
chr20	6	26	3785
chr20	6	27	4244
chr20	6	28	5754
chr20	6	29	6164
chr20	6	30	7214
chr20	6	31	8401
chr20	6	32	11145
chr20	6	33	13910
chr20	6	34	12515
chr20	6	35	10506
chr20	6	36	7671
chr20	6	37	5595
chr20	6	38	4260
chr20	6	39	2918
chr20	6	40	2193
chr20	6	41	1421
chr20	6	42	1114
chr20	6	43	753
chr20	6	44	532
chr20	6	45	336
chr20	6	46	258
chr20	6	47	179
chr20	6	48	175
chr20	6	49	178
chr20	6	50	144
chr20	6	51	150
chr20	6	52	169
chr20	6	53	207
chr20	6	54	224
chr20	6	55	278
chr20	6	56	311
chr20	6	57	299
chr20	6	58	285
chr20	6	59	227
chr20	6	60	174
chr20	6	61	117
chr20	6	62	61
chr20	6	63	31
chr20	6	64	19
chr20	6	65	10
chr20	6	66	2
chr20	6	67	2
chr21	6	7	100
chr21	6	8	129
chr21	6	9	131
chr21	6	10	133
chr21	6	11	148
chr21	6	12	162
chr21	6	13	202
chr21	6	14	233
chr21	6	15	254
chr21	6	16	291
chr21	6	17	338
chr21	6	18	456
chr21	6	19	467
chr21	6	20	667
chr21	6	21	672
chr21	6	22	877
chr21	6	23	990
chr21	6	24	1412
chr21	6	25	1306
chr21	6	26	2049
chr21	6	27	2227
chr21	6	28	3026
chr21	6	29	3229
chr21	6	30	3758
chr21	6	31	4383
chr21	6	32	5927
chr21	6	33	7290
chr21	6	34	6532
chr21	6	35	5711
chr21	6	36	4017
chr21	6	37	3063
chr21	6	38	2042
chr21	6	39	1533
chr21	6	40	1115
chr21	6	41	770
chr21	6	42	580
chr21	6	43	363
chr21	6	44	255
chr21	6	45	195
chr21	6	46	124
chr21	6	47	94
chr21	6	48	100
chr21	6	49	67
chr21	6	50	76
chr21	6	51	78
chr21	6	52	69
chr21	6	53	101
chr21	6	54	131
chr21	6	55	154
chr21	6	56	145
chr21	6	57	145
chr21	6	58	135
chr21	6	59	120
chr21	6	60	78
chr21	6	61	75
chr21	6	62	38
chr21	6	63	14
chr21	6	64	13
chr21	6	65	2
chr21	6	67	1
chr22	6	7	92
chr22	6	8	116
chr22	6	9	127
chr22	6	10	139
chr22	6	11	150
chr22	6	12	171
chr22	6	13	195
chr22	6	14	222
chr22	6	15	262
chr22	6	16	326
chr22	6	17	362
chr22	6	18	526
chr22	6	19	564
chr22	6	20	658
chr22	6	21	790
chr22	6	22	967
chr22	6	23	1036
chr22	6	24	1539
chr22	6	25	1334
chr22	6	26	2183
chr22	6	27	2363
chr22	6	28	3092
chr22	6	29	3386
chr22	6	30	3809
chr22	6	31	4387
chr22	6	32	6012
chr22	6	33	7347
chr22	6	34	6770
chr22	6	35	5468
chr22	6	36	3989
chr22	6	37	2980
chr22	6	38	2156
chr22	6	39	1495
chr22	6	40	1111
chr22	6	41	755
chr22	6	42	523
chr22	6	43	362
chr22	6	44	302
chr22	6	45	195
chr22	6	46	124
chr22	6	47	113
chr22	6	48	71
chr22	6	49	75
chr22	6	50	86
chr22	6	51	94
chr22	6	52	107
chr22	6	53	104
chr22	6	54	151
chr22	6	55	166
chr22	6	56	195
chr22	6	57	186
chr22	6	58	173
chr22	6	59	115
chr22	6	60	100
chr22	6	61	74
chr22	6	62	43
chr22	6	63	28
chr22	6	64	8
chr22	6	65	5
chr22	6	66	3
chr22	6	67	1
chrX	6	7	266
chrX	6	8	370
chrX	6	9	374
chrX	6	10	439
chrX	6	11	506
chrX	6	12	567
chrX	6	13	627
chrX	6	14	674
chrX	6	15	797
chrX	6	16	1037
chrX	6	17	1078
chrX	6	18	1497
chrX	6	19	1565
chrX	6	20	2061
chrX	6	21	2280
chrX	6	22	2842
chrX	6	23	2962
chrX	6	24	4458
chrX	6	25	3958
chrX	6	26	6578
chrX	6	27	7090
chrX	6	28	10248
chrX	6	29	10865
chrX	6	30	13119
chrX	6	31	15484
chrX	6	32	21843
chrX	6	33	28109
chrX	6	34	24705
chrX	6	35	21718
chrX	6	36	15511
chrX	6	37	11659
chrX	6	38	8413
chrX	6	39	6015
chrX	6	40	4585
chrX	6	41	3109
chrX	6	42	2261
chrX	6	43	1514
chrX	6	44	1093
chrX	6	45	730
chrX	6	46	546
chrX	6	47	418
chrX	6	48	325
chrX	6	49	278
chrX	6	50	269
chrX	6	51	292
chrX	6	52	270
chrX	6	53	319
chrX	6	54	414
chrX	6	55	462
chrX	6	56	502
chrX	6	57	499
chrX	6	58	413
chrX	6	59	374
chrX	6	60	285
chrX	6	61	185
chrX	6	62	99
chrX	6	63	36
chrX	6	64	35
chrX	6	65	12
chrX	6	66	7
chrX	6	67	4
chrY	6	7	2
chrY	6	8	3
chrY	6	9	6
chrY	6	10	3
chrY	6	11	1
chrY	6	12	5
chrY	6	13	6
chrY	6	14	10
chrY	6	15	10
chrY	6	16	7
chrY	6	17	12
chrY	6	18	16
chrY	6	19	23
chrY	6	20	32
chrY	6	21	31
chrY	6	22	35
chrY	6	23	75
chrY	6	24	91
chrY	6	25	68
chrY	6	26	133
chrY	6	27	131
chrY	6	28	157
chrY	6	29	129
chrY	6	30	119
chrY	6	31	99
chrY	6	32	119
chrY	6	33	118
chrY	6	34	90
chrY	6	35	64
chrY	6	36	46
chrY	6	37	30
chrY	6	38	29
chrY	6	39	12
chrY	6	40	12
chrY	6	41	9
chrY	6	42	7
chrY	6	43	1
chrY	6	44	2
chrY	6	45	1
chrY	6	46	1
chrY	6	47	3
chrY	6	48	1
chrY	6	49	3
chrY	6	50	2
chrY	6	51	1
chrY	6	53	2
chrY	6	54	1
chrY	6	56	2
chrY	6	57	4
chrY	6	58	1
chrY	6	60	1
chrY	6	62	1
chrM	6	10	1
chrM	6	13	1
chrM	6	16	2
chrM	6	17	2
chrM	6	18	1
chrM	6	19	1
chrM	6	20	4
chrM	6	21	2
chrM	6	22	3
chrM	6	23	1
chrM	6	24	4
chrM	6	25	3
chrM	6	27	2
chrM	6	28	1
chrM	6	30	1
chrM	6	33	2
chrM	6	55	1
