##Chromosome	MAQP	Length	ReadsNums
chr1	6	7	299
chr1	6	8	289
chr1	6	9	305
chr1	6	10	317
chr1	6	11	283
chr1	6	12	326
chr1	6	13	356
chr1	6	14	348
chr1	6	15	350
chr1	6	16	390
chr1	6	17	346
chr1	6	18	339
chr1	6	19	363
chr1	6	20	364
chr1	6	21	376
chr1	6	22	382
chr1	6	23	388
chr1	6	24	407
chr1	6	25	392
chr1	6	26	383
chr1	6	27	408
chr1	6	28	416
chr1	6	29	431
chr1	6	30	403
chr1	6	31	415
chr1	6	32	425
chr1	6	33	477
chr1	6	34	616
chr1	6	35	542
chr1	6	36	625
chr1	6	37	765
chr1	6	38	710
chr1	6	39	748
chr1	6	40	816
chr1	6	41	747
chr1	6	42	772
chr1	6	43	719
chr1	6	44	858
chr1	6	45	838
chr1	6	46	703
chr1	6	47	678
chr1	6	48	394
chr1	6	49	211
chr1	6	50	123
chr1	6	51	70
chr1	6	52	36
chr1	6	53	53
chr1	6	54	29
chr1	6	55	42
chr1	6	56	34
chr1	6	57	27
chr1	6	58	27
chr1	6	59	19
chr1	6	60	9
chr1	6	61	5
chr1	6	62	6
chr1	6	63	4
chr1	6	64	2
chr1	6	65	1
chr1	6	66	1
chr2	6	7	278
chr2	6	8	426
chr2	6	9	354
chr2	6	10	370
chr2	6	11	465
chr2	6	12	452
chr2	6	13	491
chr2	6	14	500
chr2	6	15	502
chr2	6	16	514
chr2	6	17	527
chr2	6	18	465
chr2	6	19	469
chr2	6	20	523
chr2	6	21	495
chr2	6	22	494
chr2	6	23	511
chr2	6	24	454
chr2	6	25	515
chr2	6	26	476
chr2	6	27	517
chr2	6	28	510
chr2	6	29	450
chr2	6	30	502
chr2	6	31	544
chr2	6	32	585
chr2	6	33	603
chr2	6	34	560
chr2	6	35	641
chr2	6	36	675
chr2	6	37	740
chr2	6	38	776
chr2	6	39	910
chr2	6	40	794
chr2	6	41	920
chr2	6	42	970
chr2	6	43	989
chr2	6	44	1039
chr2	6	45	1019
chr2	6	46	972
chr2	6	47	808
chr2	6	48	491
chr2	6	49	277
chr2	6	50	177
chr2	6	51	79
chr2	6	52	54
chr2	6	53	37
chr2	6	54	22
chr2	6	55	35
chr2	6	56	23
chr2	6	57	25
chr2	6	58	26
chr2	6	59	13
chr2	6	60	11
chr2	6	61	9
chr2	6	62	3
chr2	6	63	3
chr3	6	7	233
chr3	6	8	270
chr3	6	9	299
chr3	6	10	282
chr3	6	11	337
chr3	6	12	310
chr3	6	13	335
chr3	6	14	349
chr3	6	15	336
chr3	6	16	336
chr3	6	17	370
chr3	6	18	295
chr3	6	19	305
chr3	6	20	335
chr3	6	21	327
chr3	6	22	315
chr3	6	23	309
chr3	6	24	321
chr3	6	25	338
chr3	6	26	307
chr3	6	27	335
chr3	6	28	379
chr3	6	29	344
chr3	6	30	389
chr3	6	31	306
chr3	6	32	354
chr3	6	33	343
chr3	6	34	363
chr3	6	35	435
chr3	6	36	465
chr3	6	37	487
chr3	6	38	437
chr3	6	39	519
chr3	6	40	533
chr3	6	41	537
chr3	6	42	455
chr3	6	43	616
chr3	6	44	720
chr3	6	45	895
chr3	6	46	591
chr3	6	47	576
chr3	6	48	381
chr3	6	49	222
chr3	6	50	119
chr3	6	51	65
chr3	6	52	45
chr3	6	53	24
chr3	6	54	39
chr3	6	55	25
chr3	6	56	27
chr3	6	57	23
chr3	6	58	16
chr3	6	59	14
chr3	6	60	7
chr3	6	61	6
chr3	6	62	5
chr3	6	63	2
chr4	6	7	103
chr4	6	8	157
chr4	6	9	157
chr4	6	10	157
chr4	6	11	194
chr4	6	12	194
chr4	6	13	192
chr4	6	14	177
chr4	6	15	204
chr4	6	16	169
chr4	6	17	188
chr4	6	18	171
chr4	6	19	143
chr4	6	20	180
chr4	6	21	140
chr4	6	22	153
chr4	6	23	133
chr4	6	24	123
chr4	6	25	106
chr4	6	26	131
chr4	6	27	136
chr4	6	28	120
chr4	6	29	122
chr4	6	30	116
chr4	6	31	115
chr4	6	32	103
chr4	6	33	114
chr4	6	34	114
chr4	6	35	98
chr4	6	36	126
chr4	6	37	145
chr4	6	38	167
chr4	6	39	187
chr4	6	40	131
chr4	6	41	126
chr4	6	42	143
chr4	6	43	113
chr4	6	44	220
chr4	6	45	192
chr4	6	46	120
chr4	6	47	132
chr4	6	48	100
chr4	6	49	51
chr4	6	50	43
chr4	6	51	22
chr4	6	52	12
chr4	6	53	18
chr4	6	54	20
chr4	6	55	17
chr4	6	56	11
chr4	6	57	10
chr4	6	58	7
chr4	6	59	10
chr4	6	60	5
chr4	6	61	4
chr4	6	62	2
chr4	6	63	1
chr4	6	65	1
chr5	6	7	202
chr5	6	8	230
chr5	6	9	250
chr5	6	10	291
chr5	6	11	288
chr5	6	12	323
chr5	6	13	308
chr5	6	14	305
chr5	6	15	271
chr5	6	16	318
chr5	6	17	314
chr5	6	18	301
chr5	6	19	327
chr5	6	20	354
chr5	6	21	352
chr5	6	22	371
chr5	6	23	410
chr5	6	24	348
chr5	6	25	396
chr5	6	26	355
chr5	6	27	364
chr5	6	28	363
chr5	6	29	342
chr5	6	30	373
chr5	6	31	311
chr5	6	32	358
chr5	6	33	358
chr5	6	34	378
chr5	6	35	421
chr5	6	36	493
chr5	6	37	483
chr5	6	38	587
chr5	6	39	515
chr5	6	40	573
chr5	6	41	626
chr5	6	42	634
chr5	6	43	614
chr5	6	44	823
chr5	6	45	766
chr5	6	46	699
chr5	6	47	636
chr5	6	48	399
chr5	6	49	227
chr5	6	50	130
chr5	6	51	47
chr5	6	52	40
chr5	6	53	21
chr5	6	54	25
chr5	6	55	28
chr5	6	56	24
chr5	6	57	19
chr5	6	58	18
chr5	6	59	15
chr5	6	60	5
chr5	6	61	4
chr5	6	62	3
chr5	6	63	1
chr6	6	7	218
chr6	6	8	224
chr6	6	9	251
chr6	6	10	233
chr6	6	11	272
chr6	6	12	277
chr6	6	13	251
chr6	6	14	277
chr6	6	15	298
chr6	6	16	331
chr6	6	17	319
chr6	6	18	313
chr6	6	19	338
chr6	6	20	348
chr6	6	21	377
chr6	6	22	297
chr6	6	23	374
chr6	6	24	298
chr6	6	25	318
chr6	6	26	298
chr6	6	27	272
chr6	6	28	319
chr6	6	29	283
chr6	6	30	360
chr6	6	31	291
chr6	6	32	324
chr6	6	33	271
chr6	6	34	345
chr6	6	35	420
chr6	6	36	400
chr6	6	37	424
chr6	6	38	556
chr6	6	39	501
chr6	6	40	516
chr6	6	41	533
chr6	6	42	483
chr6	6	43	585
chr6	6	44	666
chr6	6	45	705
chr6	6	46	609
chr6	6	47	518
chr6	6	48	354
chr6	6	49	183
chr6	6	50	121
chr6	6	51	45
chr6	6	52	30
chr6	6	53	18
chr6	6	54	28
chr6	6	55	23
chr6	6	56	15
chr6	6	57	13
chr6	6	58	10
chr6	6	59	10
chr6	6	60	7
chr6	6	61	5
chr6	6	62	4
chr7	6	7	146
chr7	6	8	182
chr7	6	9	181
chr7	6	10	181
chr7	6	11	218
chr7	6	12	212
chr7	6	13	193
chr7	6	14	228
chr7	6	15	237
chr7	6	16	213
chr7	6	17	238
chr7	6	18	223
chr7	6	19	250
chr7	6	20	230
chr7	6	21	230
chr7	6	22	207
chr7	6	23	221
chr7	6	24	197
chr7	6	25	231
chr7	6	26	211
chr7	6	27	258
chr7	6	28	187
chr7	6	29	285
chr7	6	30	212
chr7	6	31	258
chr7	6	32	219
chr7	6	33	263
chr7	6	34	294
chr7	6	35	258
chr7	6	36	279
chr7	6	37	378
chr7	6	38	314
chr7	6	39	328
chr7	6	40	427
chr7	6	41	371
chr7	6	42	390
chr7	6	43	370
chr7	6	44	397
chr7	6	45	527
chr7	6	46	333
chr7	6	47	350
chr7	6	48	232
chr7	6	49	144
chr7	6	50	78
chr7	6	51	34
chr7	6	52	31
chr7	6	53	26
chr7	6	54	26
chr7	6	55	19
chr7	6	56	18
chr7	6	57	19
chr7	6	58	12
chr7	6	59	9
chr7	6	60	5
chr7	6	61	2
chr7	6	62	2
chr7	6	63	2
chr8	6	7	127
chr8	6	8	147
chr8	6	9	129
chr8	6	10	131
chr8	6	11	202
chr8	6	12	169
chr8	6	13	174
chr8	6	14	187
chr8	6	15	179
chr8	6	16	206
chr8	6	17	191
chr8	6	18	186
chr8	6	19	183
chr8	6	20	194
chr8	6	21	200
chr8	6	22	207
chr8	6	23	216
chr8	6	24	191
chr8	6	25	189
chr8	6	26	199
chr8	6	27	192
chr8	6	28	225
chr8	6	29	207
chr8	6	30	198
chr8	6	31	191
chr8	6	32	202
chr8	6	33	211
chr8	6	34	254
chr8	6	35	263
chr8	6	36	291
chr8	6	37	292
chr8	6	38	320
chr8	6	39	348
chr8	6	40	385
chr8	6	41	386
chr8	6	42	334
chr8	6	43	420
chr8	6	44	495
chr8	6	45	438
chr8	6	46	522
chr8	6	47	372
chr8	6	48	222
chr8	6	49	144
chr8	6	50	76
chr8	6	51	36
chr8	6	52	29
chr8	6	53	27
chr8	6	54	24
chr8	6	55	28
chr8	6	56	23
chr8	6	57	15
chr8	6	58	11
chr8	6	59	9
chr8	6	60	5
chr8	6	61	8
chr8	6	62	4
chr8	6	65	1
chr9	6	7	135
chr9	6	8	176
chr9	6	9	158
chr9	6	10	186
chr9	6	11	167
chr9	6	12	192
chr9	6	13	212
chr9	6	14	211
chr9	6	15	190
chr9	6	16	191
chr9	6	17	210
chr9	6	18	188
chr9	6	19	224
chr9	6	20	203
chr9	6	21	219
chr9	6	22	192
chr9	6	23	199
chr9	6	24	233
chr9	6	25	237
chr9	6	26	203
chr9	6	27	203
chr9	6	28	237
chr9	6	29	197
chr9	6	30	245
chr9	6	31	217
chr9	6	32	244
chr9	6	33	185
chr9	6	34	218
chr9	6	35	246
chr9	6	36	253
chr9	6	37	315
chr9	6	38	349
chr9	6	39	351
chr9	6	40	407
chr9	6	41	433
chr9	6	42	388
chr9	6	43	391
chr9	6	44	413
chr9	6	45	414
chr9	6	46	330
chr9	6	47	362
chr9	6	48	214
chr9	6	49	138
chr9	6	50	73
chr9	6	51	31
chr9	6	52	30
chr9	6	53	18
chr9	6	54	14
chr9	6	55	27
chr9	6	56	13
chr9	6	57	9
chr9	6	58	12
chr9	6	59	6
chr9	6	60	7
chr9	6	61	6
chr9	6	62	2
chr9	6	63	3
chr9	6	64	1
chr10	6	7	279
chr10	6	8	302
chr10	6	9	288
chr10	6	10	252
chr10	6	11	316
chr10	6	12	364
chr10	6	13	364
chr10	6	14	382
chr10	6	15	384
chr10	6	16	440
chr10	6	17	441
chr10	6	18	461
chr10	6	19	479
chr10	6	20	537
chr10	6	21	508
chr10	6	22	507
chr10	6	23	603
chr10	6	24	589
chr10	6	25	505
chr10	6	26	589
chr10	6	27	500
chr10	6	28	385
chr10	6	29	306
chr10	6	30	304
chr10	6	31	289
chr10	6	32	276
chr10	6	33	306
chr10	6	34	308
chr10	6	35	301
chr10	6	36	350
chr10	6	37	374
chr10	6	38	331
chr10	6	39	354
chr10	6	40	350
chr10	6	41	377
chr10	6	42	396
chr10	6	43	361
chr10	6	44	460
chr10	6	45	421
chr10	6	46	382
chr10	6	47	287
chr10	6	48	219
chr10	6	49	140
chr10	6	50	62
chr10	6	51	38
chr10	6	52	29
chr10	6	53	27
chr10	6	54	16
chr10	6	55	22
chr10	6	56	14
chr10	6	57	22
chr10	6	58	8
chr10	6	59	12
chr10	6	60	9
chr10	6	61	4
chr10	6	63	2
chr10	6	64	3
chr11	6	7	301
chr11	6	8	256
chr11	6	9	287
chr11	6	10	264
chr11	6	11	280
chr11	6	12	292
chr11	6	13	298
chr11	6	14	307
chr11	6	15	316
chr11	6	16	351
chr11	6	17	352
chr11	6	18	326
chr11	6	19	313
chr11	6	20	319
chr11	6	21	318
chr11	6	22	311
chr11	6	23	322
chr11	6	24	250
chr11	6	25	290
chr11	6	26	308
chr11	6	27	295
chr11	6	28	253
chr11	6	29	288
chr11	6	30	258
chr11	6	31	249
chr11	6	32	271
chr11	6	33	318
chr11	6	34	282
chr11	6	35	352
chr11	6	36	324
chr11	6	37	388
chr11	6	38	393
chr11	6	39	496
chr11	6	40	547
chr11	6	41	484
chr11	6	42	541
chr11	6	43	530
chr11	6	44	557
chr11	6	45	522
chr11	6	46	511
chr11	6	47	398
chr11	6	48	303
chr11	6	49	173
chr11	6	50	92
chr11	6	51	44
chr11	6	52	28
chr11	6	53	31
chr11	6	54	23
chr11	6	55	14
chr11	6	56	16
chr11	6	57	17
chr11	6	58	12
chr11	6	59	10
chr11	6	60	6
chr11	6	61	1
chr11	6	62	3
chr11	6	63	1
chr11	6	65	1
chr12	6	7	209
chr12	6	8	250
chr12	6	9	264
chr12	6	10	255
chr12	6	11	281
chr12	6	12	282
chr12	6	13	288
chr12	6	14	320
chr12	6	15	294
chr12	6	16	276
chr12	6	17	302
chr12	6	18	342
chr12	6	19	356
chr12	6	20	337
chr12	6	21	341
chr12	6	22	364
chr12	6	23	324
chr12	6	24	362
chr12	6	25	356
chr12	6	26	346
chr12	6	27	339
chr12	6	28	293
chr12	6	29	310
chr12	6	30	376
chr12	6	31	335
chr12	6	32	371
chr12	6	33	359
chr12	6	34	435
chr12	6	35	493
chr12	6	36	468
chr12	6	37	628
chr12	6	38	566
chr12	6	39	601
chr12	6	40	634
chr12	6	41	661
chr12	6	42	770
chr12	6	43	624
chr12	6	44	619
chr12	6	45	678
chr12	6	46	617
chr12	6	47	472
chr12	6	48	365
chr12	6	49	190
chr12	6	50	117
chr12	6	51	41
chr12	6	52	33
chr12	6	53	20
chr12	6	54	17
chr12	6	55	21
chr12	6	56	19
chr12	6	57	21
chr12	6	58	19
chr12	6	59	4
chr12	6	60	8
chr12	6	61	4
chr12	6	62	2
chr12	6	63	1
chr12	6	65	1
chr13	6	7	80
chr13	6	8	99
chr13	6	9	77
chr13	6	10	92
chr13	6	11	65
chr13	6	12	84
chr13	6	13	88
chr13	6	14	82
chr13	6	15	97
chr13	6	16	80
chr13	6	17	89
chr13	6	18	85
chr13	6	19	87
chr13	6	20	106
chr13	6	21	117
chr13	6	22	115
chr13	6	23	128
chr13	6	24	116
chr13	6	25	135
chr13	6	26	97
chr13	6	27	132
chr13	6	28	163
chr13	6	29	104
chr13	6	30	140
chr13	6	31	140
chr13	6	32	122
chr13	6	33	126
chr13	6	34	158
chr13	6	35	169
chr13	6	36	167
chr13	6	37	237
chr13	6	38	230
chr13	6	39	203
chr13	6	40	217
chr13	6	41	293
chr13	6	42	249
chr13	6	43	243
chr13	6	44	283
chr13	6	45	309
chr13	6	46	235
chr13	6	47	184
chr13	6	48	101
chr13	6	49	70
chr13	6	50	32
chr13	6	51	18
chr13	6	52	9
chr13	6	53	7
chr13	6	54	8
chr13	6	55	14
chr13	6	56	11
chr13	6	57	12
chr13	6	58	5
chr13	6	59	5
chr13	6	60	2
chr13	6	62	4
chr13	6	63	2
chr13	6	64	1
chr14	6	7	62
chr14	6	8	70
chr14	6	9	68
chr14	6	10	85
chr14	6	11	50
chr14	6	12	78
chr14	6	13	86
chr14	6	14	67
chr14	6	15	69
chr14	6	16	62
chr14	6	17	65
chr14	6	18	85
chr14	6	19	82
chr14	6	20	94
chr14	6	21	88
chr14	6	22	80
chr14	6	23	92
chr14	6	24	89
chr14	6	25	77
chr14	6	26	76
chr14	6	27	90
chr14	6	28	87
chr14	6	29	79
chr14	6	30	105
chr14	6	31	68
chr14	6	32	67
chr14	6	33	98
chr14	6	34	86
chr14	6	35	112
chr14	6	36	138
chr14	6	37	135
chr14	6	38	134
chr14	6	39	175
chr14	6	40	148
chr14	6	41	193
chr14	6	42	179
chr14	6	43	159
chr14	6	44	212
chr14	6	45	159
chr14	6	46	173
chr14	6	47	102
chr14	6	48	100
chr14	6	49	52
chr14	6	50	30
chr14	6	51	16
chr14	6	52	10
chr14	6	53	9
chr14	6	54	11
chr14	6	55	8
chr14	6	56	10
chr14	6	57	13
chr14	6	58	11
chr14	6	59	4
chr14	6	60	5
chr14	6	61	5
chr14	6	62	1
chr14	6	63	4
chr15	6	7	56
chr15	6	8	56
chr15	6	9	62
chr15	6	10	70
chr15	6	11	58
chr15	6	12	69
chr15	6	13	102
chr15	6	14	87
chr15	6	15	87
chr15	6	16	99
chr15	6	17	95
chr15	6	18	89
chr15	6	19	90
chr15	6	20	101
chr15	6	21	87
chr15	6	22	88
chr15	6	23	96
chr15	6	24	83
chr15	6	25	100
chr15	6	26	76
chr15	6	27	66
chr15	6	28	94
chr15	6	29	75
chr15	6	30	68
chr15	6	31	93
chr15	6	32	83
chr15	6	33	64
chr15	6	34	82
chr15	6	35	109
chr15	6	36	84
chr15	6	37	93
chr15	6	38	103
chr15	6	39	99
chr15	6	40	145
chr15	6	41	117
chr15	6	42	155
chr15	6	43	134
chr15	6	44	139
chr15	6	45	141
chr15	6	46	132
chr15	6	47	136
chr15	6	48	93
chr15	6	49	62
chr15	6	50	38
chr15	6	51	17
chr15	6	52	14
chr15	6	53	13
chr15	6	54	9
chr15	6	55	11
chr15	6	56	21
chr15	6	57	8
chr15	6	58	9
chr15	6	59	7
chr15	6	60	5
chr15	6	61	3
chr15	6	65	1
chr16	6	7	77
chr16	6	8	87
chr16	6	9	79
chr16	6	10	87
chr16	6	11	99
chr16	6	12	93
chr16	6	13	111
chr16	6	14	93
chr16	6	15	97
chr16	6	16	100
chr16	6	17	95
chr16	6	18	120
chr16	6	19	117
chr16	6	20	136
chr16	6	21	120
chr16	6	22	110
chr16	6	23	109
chr16	6	24	128
chr16	6	25	125
chr16	6	26	116
chr16	6	27	96
chr16	6	28	107
chr16	6	29	120
chr16	6	30	98
chr16	6	31	120
chr16	6	32	90
chr16	6	33	106
chr16	6	34	106
chr16	6	35	125
chr16	6	36	107
chr16	6	37	149
chr16	6	38	187
chr16	6	39	127
chr16	6	40	146
chr16	6	41	223
chr16	6	42	135
chr16	6	43	188
chr16	6	44	243
chr16	6	45	159
chr16	6	46	188
chr16	6	47	137
chr16	6	48	119
chr16	6	49	71
chr16	6	50	36
chr16	6	51	31
chr16	6	52	27
chr16	6	53	19
chr16	6	54	10
chr16	6	55	12
chr16	6	56	20
chr16	6	57	13
chr16	6	58	12
chr16	6	59	11
chr16	6	60	7
chr16	6	62	2
chr16	6	63	1
chr17	6	7	204
chr17	6	8	218
chr17	6	9	212
chr17	6	10	255
chr17	6	11	234
chr17	6	12	283
chr17	6	13	254
chr17	6	14	269
chr17	6	15	275
chr17	6	16	306
chr17	6	17	263
chr17	6	18	304
chr17	6	19	261
chr17	6	20	284
chr17	6	21	264
chr17	6	22	250
chr17	6	23	278
chr17	6	24	250
chr17	6	25	220
chr17	6	26	242
chr17	6	27	255
chr17	6	28	241
chr17	6	29	270
chr17	6	30	227
chr17	6	31	227
chr17	6	32	303
chr17	6	33	249
chr17	6	34	230
chr17	6	35	261
chr17	6	36	254
chr17	6	37	266
chr17	6	38	273
chr17	6	39	294
chr17	6	40	322
chr17	6	41	230
chr17	6	42	309
chr17	6	43	233
chr17	6	44	301
chr17	6	45	204
chr17	6	46	342
chr17	6	47	229
chr17	6	48	205
chr17	6	49	124
chr17	6	50	67
chr17	6	51	41
chr17	6	52	28
chr17	6	53	22
chr17	6	54	21
chr17	6	55	18
chr17	6	56	22
chr17	6	57	16
chr17	6	58	14
chr17	6	59	11
chr17	6	60	4
chr17	6	61	4
chr17	6	62	5
chr17	6	66	1
chr18	6	7	116
chr18	6	8	152
chr18	6	9	125
chr18	6	10	128
chr18	6	11	140
chr18	6	12	162
chr18	6	13	146
chr18	6	14	134
chr18	6	15	159
chr18	6	16	139
chr18	6	17	182
chr18	6	18	151
chr18	6	19	169
chr18	6	20	172
chr18	6	21	167
chr18	6	22	161
chr18	6	23	171
chr18	6	24	182
chr18	6	25	154
chr18	6	26	155
chr18	6	27	176
chr18	6	28	166
chr18	6	29	158
chr18	6	30	169
chr18	6	31	178
chr18	6	32	162
chr18	6	33	180
chr18	6	34	155
chr18	6	35	154
chr18	6	36	173
chr18	6	37	226
chr18	6	38	283
chr18	6	39	242
chr18	6	40	244
chr18	6	41	242
chr18	6	42	289
chr18	6	43	268
chr18	6	44	302
chr18	6	45	364
chr18	6	46	374
chr18	6	47	254
chr18	6	48	182
chr18	6	49	122
chr18	6	50	66
chr18	6	51	20
chr18	6	52	21
chr18	6	53	21
chr18	6	54	10
chr18	6	55	15
chr18	6	56	10
chr18	6	57	5
chr18	6	58	7
chr18	6	59	3
chr18	6	60	1
chr18	6	61	1
chr18	6	62	1
chr19	6	7	201
chr19	6	8	226
chr19	6	9	216
chr19	6	10	204
chr19	6	11	192
chr19	6	12	224
chr19	6	13	218
chr19	6	14	234
chr19	6	15	235
chr19	6	16	248
chr19	6	17	245
chr19	6	18	259
chr19	6	19	254
chr19	6	20	252
chr19	6	21	214
chr19	6	22	222
chr19	6	23	221
chr19	6	24	220
chr19	6	25	229
chr19	6	26	212
chr19	6	27	209
chr19	6	28	209
chr19	6	29	191
chr19	6	30	216
chr19	6	31	186
chr19	6	32	218
chr19	6	33	201
chr19	6	34	203
chr19	6	35	173
chr19	6	36	214
chr19	6	37	254
chr19	6	38	293
chr19	6	39	282
chr19	6	40	296
chr19	6	41	315
chr19	6	42	299
chr19	6	43	316
chr19	6	44	369
chr19	6	45	342
chr19	6	46	344
chr19	6	47	308
chr19	6	48	262
chr19	6	49	176
chr19	6	50	74
chr19	6	51	45
chr19	6	52	20
chr19	6	53	22
chr19	6	54	11
chr19	6	55	25
chr19	6	56	22
chr19	6	57	15
chr19	6	58	7
chr19	6	59	5
chr19	6	60	13
chr19	6	61	4
chr19	6	63	3
chr19	6	64	2
chr20	6	7	108
chr20	6	8	132
chr20	6	9	132
chr20	6	10	138
chr20	6	11	162
chr20	6	12	162
chr20	6	13	174
chr20	6	14	133
chr20	6	15	196
chr20	6	16	167
chr20	6	17	165
chr20	6	18	214
chr20	6	19	195
chr20	6	20	222
chr20	6	21	185
chr20	6	22	191
chr20	6	23	182
chr20	6	24	193
chr20	6	25	166
chr20	6	26	130
chr20	6	27	136
chr20	6	28	145
chr20	6	29	146
chr20	6	30	161
chr20	6	31	143
chr20	6	32	183
chr20	6	33	175
chr20	6	34	163
chr20	6	35	173
chr20	6	36	201
chr20	6	37	177
chr20	6	38	186
chr20	6	39	144
chr20	6	40	213
chr20	6	41	170
chr20	6	42	217
chr20	6	43	225
chr20	6	44	243
chr20	6	45	235
chr20	6	46	256
chr20	6	47	253
chr20	6	48	191
chr20	6	49	100
chr20	6	50	55
chr20	6	51	45
chr20	6	52	19
chr20	6	53	19
chr20	6	54	16
chr20	6	55	12
chr20	6	56	12
chr20	6	57	5
chr20	6	58	13
chr20	6	59	4
chr20	6	60	8
chr20	6	61	1
chr20	6	62	3
chr20	6	63	1
chr20	6	64	2
chr21	6	7	28
chr21	6	8	24
chr21	6	9	36
chr21	6	10	38
chr21	6	11	36
chr21	6	12	35
chr21	6	13	36
chr21	6	14	24
chr21	6	15	42
chr21	6	16	31
chr21	6	17	25
chr21	6	18	43
chr21	6	19	28
chr21	6	20	37
chr21	6	21	21
chr21	6	22	38
chr21	6	23	39
chr21	6	24	34
chr21	6	25	35
chr21	6	26	25
chr21	6	27	37
chr21	6	28	33
chr21	6	29	33
chr21	6	30	36
chr21	6	31	35
chr21	6	32	25
chr21	6	33	33
chr21	6	34	24
chr21	6	35	28
chr21	6	36	53
chr21	6	37	36
chr21	6	38	45
chr21	6	39	42
chr21	6	40	50
chr21	6	41	80
chr21	6	42	64
chr21	6	43	56
chr21	6	44	73
chr21	6	45	51
chr21	6	46	69
chr21	6	47	61
chr21	6	48	56
chr21	6	49	32
chr21	6	50	17
chr21	6	51	5
chr21	6	52	9
chr21	6	53	4
chr21	6	54	9
chr21	6	55	9
chr21	6	56	7
chr21	6	57	3
chr21	6	58	6
chr21	6	59	2
chr21	6	60	3
chr22	6	7	149
chr22	6	8	151
chr22	6	9	154
chr22	6	10	167
chr22	6	11	194
chr22	6	12	206
chr22	6	13	194
chr22	6	14	173
chr22	6	15	204
chr22	6	16	159
chr22	6	17	162
chr22	6	18	200
chr22	6	19	172
chr22	6	20	147
chr22	6	21	164
chr22	6	22	136
chr22	6	23	144
chr22	6	24	140
chr22	6	25	158
chr22	6	26	167
chr22	6	27	158
chr22	6	28	167
chr22	6	29	162
chr22	6	30	151
chr22	6	31	171
chr22	6	32	192
chr22	6	33	153
chr22	6	34	161
chr22	6	35	170
chr22	6	36	144
chr22	6	37	147
chr22	6	38	189
chr22	6	39	213
chr22	6	40	195
chr22	6	41	210
chr22	6	42	169
chr22	6	43	167
chr22	6	44	199
chr22	6	45	203
chr22	6	46	201
chr22	6	47	212
chr22	6	48	99
chr22	6	49	119
chr22	6	50	42
chr22	6	51	26
chr22	6	52	11
chr22	6	53	9
chr22	6	54	13
chr22	6	55	12
chr22	6	56	14
chr22	6	57	10
chr22	6	58	2
chr22	6	59	10
chr22	6	60	2
chr22	6	61	1
chr22	6	62	2
chr22	6	63	1
chrX	6	7	227
chrX	6	8	240
chrX	6	9	246
chrX	6	10	266
chrX	6	11	251
chrX	6	12	293
chrX	6	13	269
chrX	6	14	288
chrX	6	15	277
chrX	6	16	288
chrX	6	17	271
chrX	6	18	294
chrX	6	19	308
chrX	6	20	320
chrX	6	21	324
chrX	6	22	284
chrX	6	23	337
chrX	6	24	306
chrX	6	25	340
chrX	6	26	352
chrX	6	27	295
chrX	6	28	348
chrX	6	29	295
chrX	6	30	317
chrX	6	31	349
chrX	6	32	297
chrX	6	33	247
chrX	6	34	262
chrX	6	35	331
chrX	6	36	332
chrX	6	37	341
chrX	6	38	478
chrX	6	39	473
chrX	6	40	478
chrX	6	41	598
chrX	6	42	619
chrX	6	43	578
chrX	6	44	711
chrX	6	45	626
chrX	6	46	527
chrX	6	47	526
chrX	6	48	323
chrX	6	49	149
chrX	6	50	98
chrX	6	51	44
chrX	6	52	28
chrX	6	53	14
chrX	6	54	12
chrX	6	55	21
chrX	6	56	17
chrX	6	57	18
chrX	6	58	18
chrX	6	59	6
chrX	6	60	10
chrX	6	61	8
chrX	6	62	1
chrX	6	64	1
chrY	6	13	1
chrM	6	7	21
chrM	6	8	28
chrM	6	9	27
chrM	6	10	37
chrM	6	11	39
chrM	6	12	24
chrM	6	13	35
chrM	6	14	47
chrM	6	15	55
chrM	6	16	45
chrM	6	17	68
chrM	6	18	59
chrM	6	19	52
chrM	6	20	61
chrM	6	21	40
chrM	6	22	33
chrM	6	23	64
chrM	6	24	24
chrM	6	25	52
chrM	6	26	58
chrM	6	27	68
chrM	6	28	49
chrM	6	29	39
chrM	6	30	47
chrM	6	31	26
chrM	6	32	20
chrM	6	33	28
chrM	6	34	31
chrM	6	35	15
chrM	6	36	15
chrM	6	37	13
chrM	6	38	32
chrM	6	39	12
chrM	6	40	17
chrM	6	41	30
chrM	6	42	32
chrM	6	43	20
chrM	6	44	40
chrM	6	45	28
chrM	6	46	22
chrM	6	47	19
chrM	6	48	12
chrM	6	49	8
chrM	6	50	6
chrM	6	52	5
chrM	6	53	2
chrM	6	54	3
chrM	6	55	4
chrM	6	56	1
chrM	6	57	3
chrM	6	58	2
chrM	6	59	4
chrM	6	62	1
