chr1	1	153	153	95	2002.78067104524
chr1	154	239	86	78	2026.18144213534
chr1	240	315	76	76	2012.64049915567
chr1	316	401	86	85	2013.82943931174
chr1	402	505	104	104	2008.96802078101
chr1	506	597	92	92	2003.61548085608
chr1	598	732	135	88	2025.28730467112
chr1	733	820	88	88	2016.7791031984
chr1	821	925	105	86	2024.74184463788
chr1	926	1005	80	80	2021.20899225886
chr1	1006	1100	95	92	2025.15001900319
chr1	1101	1186	86	84	2002.24096664584
chr1	1187	1289	103	97	2011.68267007961
chr1	1290	1395	106	106	2020.97329696857
chr1	1396	1510	115	106	2014.41245934019
chr1	1511	1592	82	82	2005.23562752995
chr1	1593	1693	101	101	2014.14404922417
chr1	1694	1766	73	73	2021.93494305197
chr1	1767	1866	100	99	2033.58314576788
chr1	1867	1947	81	80	2006.16427890391
chr1	1948	2047	100	100	2013.93802617718
chr1	2048	2130	83	83	2007.90429382164
chr1	2131	2222	92	92	2011.56053773453
chr1	2223	2324	102	102	2011.5261269838
chr1	2325	2421	97	87	2014.5857884236
chr1	2422	2504	83	83	2004.36985427992
chr1	2505	2598	94	94	2002.25582345754
chr1	2599	2695	97	97	2009.41087763533
chr1	2696	2780	85	85	2019.93451957217
chr1	2781	2861	81	81	2002.33533252647
chr1	2862	2935	74	74	2019.71367477619
chr1	2936	3016	81	81	2005.56244554163
chr1	3017	3097	81	81	2004.69451288606
chr1	3098	3188	91	91	2013.94965689162
chr1	3189	3271	83	83	2022.57783900145
chr1	3272	3360	89	89	2022.4321149255
chr1	3361	3449	89	89	2001.1859568243
chr1	3450	3538	89	89	2003.92599890368
chr1	3539	3626	88	88	2019.35686897952
chr1	3627	3719	93	90	2014.66163778295
chr1	3720	3810	91	90	2002.20730509921
chr1	3811	3894	84	84	2001.29083245431
chr1	3895	3987	93	93	2006.92019954183
chr1	3988	4080	93	93	2012.17142290785
chr1	4081	4165	85	85	2017.70217251752
chr1	4166	4266	101	83	2005.31119100243
chr1	4267	4355	89	88	2000.54782922244
chr1	4356	4440	85	85	2026.32493787429
chr1	4441	4537	97	95	2025.17183826564
chr1	4538	4625	88	88	2012.96069086316
chr1	4626	4724	99	99	2007.81455956659
chr1	4725	4809	85	85	2013.15642326003
chr1	4810	4898	89	89	2018.28530096428
chr1	4899	4984	86	86	2015.00316689756
chr1	4985	5077	93	93	2003.38664981133
chr1	5078	5168	91	91	2023.26063132451
chr1	5169	5288	120	101	2016.22800616161
chr1	5289	5383	95	95	2024.03179673494
chr1	5384	5484	101	89	2002.44492303434
chr1	5485	5571	87	85	2010.65587391441
chr1	5572	5659	88	87	2016.55646260116
chr1	5660	5757	98	98	2017.74123855264
chr1	5758	5842	85	85	2016.00968345633
chr1	5843	5930	88	85	2002.77992850887
chr1	5931	6022	92	92	2014.95470736668
chr1	6023	7365	1343	80	2023.28416932367
chr1	7366	7596	231	116	2018.36346691969
chr1	7597	7690	94	91	2012.3269151277
chr1	7691	7809	119	116	2009.89404204036
chr1	7810	7899	90	90	2012.28744928453
chr1	7900	7990	91	91	2009.09182520506
chr1	7991	8098	108	98	2017.25961962873
chr1	8099	8181	83	82	2000.2844265472
chr1	8182	8264	83	83	2028.78520313142
chr1	8265	8351	87	86	2004.03689201413
chr1	8352	8439	88	88	2010.8437111624
chr1	8440	8532	93	90	2019.67348038323
chr1	8533	8623	91	91	2013.26507686931
chr1	8624	8723	100	100	2019.55081407439
chr1	8724	8811	88	87	2013.6054099064
chr1	8812	8893	82	82	2026.86671113892
chr1	8894	8988	95	95	2001.81754458701
chr1	8989	9077	89	89	2004.39183766218
chr1	9078	9164	87	86	2013.68065631921
chr1	9165	9250	86	86	2014.45039908609
chr1	9251	9342	92	92	2012.90060131994
chr1	9343	9434	92	92	2009.70285357835
chr1	9435	9530	96	96	2004.02000422239
chr1	9531	9623	93	93	2007.7811635739
chr1	9624	9714	91	91	2020.86370535437
chr1	9715	9809	95	95	2001.86822861662
chr1	9810	9907	98	91	2009.54375085579
chr1	9908	9995	88	88	2004.04845713066
chr1	9996	10082	87	87	2015.57724508357
chr1	10083	10179	97	88	2009.15552442367
chr1	10180	10265	86	86	2003.35709374397
chr1	10266	10378	113	87	2017.59686115635
chr1	10379	10463	85	82	2006.50648160059
chr1	10464	10544	81	81	2016.41339184654
chr1	10545	10641	97	96	2018.58895538679
chr1	10642	10727	86	86	2020.05304847676
chr1	10728	10814	87	87	2014.64418476795
chr1	10815	10898	84	84	2010.5773365258
chr1	10899	10984	86	86	2023.96257429679
chr1	10985	11075	91	90	2024.88104492304
chr1	11076	11162	87	84	2013.637333017
chr1	11163	11264	102	91	2014.50126711381
chr1	11265	11362	98	98	2010.8206310649
chr1	11363	11458	96	92	2006.85753783548
chr1	11459	11542	84	84	2001.31861962642
chr1	11543	11626	84	84	2004.40258215522
chr1	11627	11707	81	81	2011.41421865927
chr1	11708	11806	99	93	2001.46253087428
chr1	11807	11897	91	91	2015.27512998046
chr1	11898	11983	86	86	2000.03153430695
chr1	11984	12072	89	89	2019.96896205629
chr1	12073	12188	116	93	2015.86536019306
chr1	12189	12280	92	92	2006.50205677247
chr1	12281	12463	183	159	3160.3681323046
chr2	1	88	88	87	2004.64178934074
chr2	89	167	79	79	2010.8600020866
chr2	168	264	97	88	2019.54465824216
chr2	265	346	82	80	2001.95556888574
chr2	347	423	77	77	2026.94200010804
chr2	424	512	89	89	2013.95223490079
chr2	513	599	87	87	2003.41034147065
chr2	600	683	84	80	2023.14017884415
chr2	684	770	87	87	2009.76212766524
chr2	771	855	85	81	2013.35260051313
chr2	856	937	82	82	2020.73130197875
chr2	938	1021	84	83	2012.02302151625
chr2	1022	1106	85	83	2019.22351404755
chr2	1107	1186	80	80	2010.49691554145
chr2	1187	1281	95	95	2014.12758956643
chr2	1282	1375	94	94	2019.94503871976
chr2	1376	1466	91	91	2001.43715129815
chr2	1467	1542	76	76	2003.59778847571
chr2	1543	1637	95	92	2005.72833720302
chr2	1638	1731	94	92	2017.09301193019
chr2	1732	1826	95	93	2013.9561537471
chr2	1827	1917	91	90	2021.55200389638
chr2	1918	2011	94	94	2016.67620399437
chr2	2012	2096	85	85	2007.97090642795
chr2	2097	2186	90	90	2010.63747741479
chr2	2187	2275	89	89	2026.97365957607
chr2	2276	2354	79	79	2005.59453172789
chr2	2355	2449	95	95	2000.03700312576
chr2	2450	2533	84	84	2011.15857086581
chr2	2534	2622	89	89	2021.10204245256
chr2	2623	2715	93	92	2011.59607437786
chr2	2716	2807	92	92	2002.18598677456
chr2	2808	2898	91	91	2013.79536067133
chr2	2899	2980	82	82	2016.82400950278
chr2	2981	3062	82	82	2014.50121065544
chr2	3063	3165	103	102	2003.97510042876
chr2	3166	3260	95	95	2010.80871373167
chr2	3261	3347	87	86	2024.36002275093
chr2	3348	3428	81	81	2005.7942371497
chr2	3429	3523	95	95	2001.28396615791
chr2	3524	3610	87	85	2004.32019208825
chr2	3611	3705	95	93	2019.49945563567
chr2	3706	3794	89	89	2013.84053737346
chr2	3795	3887	93	93	2020.41119672938
chr2	3888	3981	94	93	2020.06199143151
chr2	3982	4064	83	83	2005.98222506749
chr2	4065	4154	90	90	2007.6035770071
chr2	4155	4244	90	90	2008.62519165781
chr2	4245	4337	93	93	2017.60235036929
chr2	4338	4870	533	96	2000.32047043649
chr2	4871	4989	119	91	2009.63428530322
chr2	4990	5075	86	85	2009.59909062822
chr2	5076	5162	87	87	2013.92208982259
chr2	5163	5246	84	84	2003.12212902176
chr2	5247	5328	82	82	2024.55427774607
chr2	5329	5420	92	84	2026.3421780607
chr2	5421	5524	104	86	2006.17725761705
chr2	5525	5686	162	93	2019.75350392112
chr2	5687	5791	105	89	2021.13937137112
chr2	5792	5884	93	93	2010.74906280299
chr2	5885	5971	87	87	2011.68739674384
chr2	5972	6056	85	85	2011.08179853604
chr2	6057	6135	79	79	2020.14881093825
chr2	6136	6219	84	84	2010.78854406609
chr2	6220	6307	88	88	2016.94187628651
chr2	6308	6392	85	85	2005.71559299795
chr2	6393	6484	92	92	2008.18966200796
chr2	6485	6660	176	90	2026.17782420499
chr2	6661	6740	80	80	2000.00305532058
chr2	6741	6834	94	94	2008.96345930674
chr2	6835	6920	86	86	2003.59231680762
chr2	6921	7007	87	87	2007.20090802285
chr2	7008	7096	89	89	2001.65301263213
chr2	7097	7182	86	86	2005.77458656935
chr2	7183	7266	84	84	2007.42890256128
chr2	7267	7350	84	83	2018.42855616107
chr2	7351	7436	86	86	2007.23383249531
chr2	7437	7530	94	88	2014.02818485608
chr2	7531	7620	90	90	2025.8689324776
chr2	7621	7713	93	91	2009.31039948696
chr2	7714	7804	91	91	2023.57582461285
chr2	7805	7896	92	91	2008.15653277423
chr2	7897	7988	92	90	2014.18750995638
chr2	7989	8078	90	90	2017.94373438151
chr2	8079	8167	89	89	2009.08338227634
chr2	8168	8253	86	86	2008.79844679315
chr2	8254	8339	86	86	2000.58466786379
chr2	8340	8428	89	89	2003.58905830257
chr2	8429	8512	84	84	2009.21751791674
chr2	8513	8608	96	96	2019.94746882763
chr2	8609	8701	93	93	2022.52080344949
chr2	8702	8788	87	87	2000.0275838392
chr2	8789	8874	86	86	2008.13008010744
chr2	8875	8960	86	86	2014.77492903032
chr2	8961	9047	87	85	2001.00660778993
chr2	9048	9133	86	86	2015.75386887724
chr2	9134	9226	93	93	2006.06273144097
chr2	9227	9321	95	95	2012.90288542619
chr2	9322	9415	94	94	2022.34850171488
chr2	9416	9507	92	92	2005.53776700585
chr2	9508	9601	94	94	2012.35195666362
chr2	9602	9686	85	85	2009.4096384947
chr2	9687	9785	99	97	2021.24983570227
chr2	9786	9876	91	91	2017.3008775975
chr2	9877	9970	94	94	2008.32720852274
chr2	9971	10056	86	86	2003.02707135408
chr2	10057	10150	94	94	2002.56425097722
chr2	10151	10252	102	102	2006.24485194385
chr2	10253	10331	79	79	2016.47175489559
chr2	10332	10421	90	89	2015.40925763025
chr2	10422	10520	99	98	2004.94172823371
chr2	10521	10610	90	89	2013.55817215992
chr2	10611	10697	87	87	2020.59233454471
chr2	10698	10787	90	90	2004.16540589978
chr2	10788	10875	88	88	2012.75315026991
chr2	10876	10952	77	76	2008.8333206407
chr2	10953	11045	93	93	2008.82674548453
chr2	11046	11126	81	81	2023.76788778739
chr2	11127	11213	87	87	2012.33422774286
chr2	11214	11301	88	88	2004.49022133019
chr2	11302	11385	84	84	2011.32516436843
chr2	11386	11477	92	92	2010.33567325107
chr2	11478	11568	91	91	2001.18335124839
chr2	11569	11667	99	98	2018.36001436592
chr2	11668	11760	93	90	2022.01275187713
chr2	11761	11839	79	79	2002.35255137964
chr2	11840	11915	76	76	2008.06660720512
chr2	11916	12002	87	85	2016.30079275397
chr2	12003	12160	158	146	3417.99957358182
chr3	1	96	96	89	2003.29354054731
chr3	97	181	85	85	2021.28670114973
chr3	182	271	90	90	2009.31479176757
chr3	272	358	87	87	2015.40727058855
chr3	359	438	80	79	2007.42541354562
chr3	439	529	91	91	2008.89590572143
chr3	530	612	83	81	2011.22351139151
chr3	613	696	84	84	2025.91670221453
chr3	697	787	91	89	2000.8785757486
chr3	788	873	86	86	2017.58168522003
chr3	874	958	85	85	2007.68630275013
chr3	959	1054	96	95	2004.21917416753
chr3	1055	1144	90	90	2011.67857978082
chr3	1145	1231	87	87	2012.96066041994
chr3	1232	1315	84	84	2004.57927882391
chr3	1316	1407	92	92	2007.98830584232
chr3	1408	1494	87	87	2002.32257658099
chr3	1495	1576	82	82	2025.27276245894
chr3	1577	1672	96	95	2005.31377903569
chr3	1673	1766	94	91	2013.45994779907
chr3	1767	1850	84	84	2001.50423811298
chr3	1851	1938	88	88	2006.68250952343
chr3	1939	2027	89	89	2012.34609636325
chr3	2028	2116	89	89	2007.33478746806
chr3	2117	2202	86	86	2002.60472044474
chr3	2203	2290	88	88	2014.07572253406
chr3	2291	2383	93	93	2010.63751869257
chr3	2384	2496	113	112	2026.52881945671
chr3	2497	2595	99	99	2001.44365785119
chr3	2596	2686	91	91	2006.59632986892
chr3	2687	2765	79	79	2013.51472194375
chr3	2766	2847	82	82	2017.11020177731
chr3	2848	2944	97	97	2018.76586584616
chr3	2945	3025	81	79	2021.80537686765
chr3	3026	3108	83	83	2005.61339322296
chr3	3109	3188	80	80	2013.7018312904
chr3	3189	3268	80	80	2017.85979394214
chr3	3269	3359	91	85	2020.59137016286
chr3	3360	3444	85	85	2005.79108823273
chr3	3445	3529	85	85	2019.91012336451
chr3	3530	3612	83	83	2019.3779534183
chr3	3613	3696	84	84	2002.95522236498
chr3	3697	3812	116	88	2003.17002555177
chr3	3813	3899	87	87	2005.23812699008
chr3	3900	3988	89	89	2002.96854447395
chr3	3989	4080	92	92	2013.00462438186
chr3	4081	4172	92	92	2001.73075460764
chr3	4173	4268	96	96	2000.893939449
chr3	4269	4360	92	92	2013.2448236372
chr3	4361	4974	614	93	2022.82741750984
chr3	4975	5065	91	91	2010.01270037572
chr3	5066	5159	94	94	2013.80267794914
chr3	5160	5252	93	93	2005.28036636076
chr3	5253	5342	90	90	2012.65516484096
chr3	5343	5426	84	84	2005.33853645426
chr3	5427	5521	95	95	2000.99771234416
chr3	5522	5611	90	90	2008.91814646276
chr3	5612	5703	92	92	2011.6288112322
chr3	5704	5786	83	83	2010.07421151423
chr3	5787	5870	84	84	2019.21531918687
chr3	5871	5959	89	88	2018.8766833866
chr3	5960	6059	100	97	2009.72788201334
chr3	6060	6151	92	92	2003.67975576966
chr3	6152	6233	82	81	2008.22709733455
chr3	6234	6333	100	85	2007.25423895627
chr3	6334	6410	77	77	2019.39035664656
chr3	6411	6517	107	97	2008.15795748285
chr3	6518	6604	87	87	2008.91398636172
chr3	6605	6693	89	89	2016.39595186089
chr3	6694	6773	80	80	2024.21500947419
chr3	6774	6873	100	100	2002.23605731283
chr3	6874	6965	92	92	2006.01801805103
chr3	6966	7044	79	79	2020.1729589777
chr3	7045	7141	97	97	2004.74414986244
chr3	7142	7225	84	84	2015.2024110474
chr3	7226	7319	94	94	2018.05741611154
chr3	7320	7410	91	91	2017.14555723116
chr3	7411	7499	89	88	2010.88174749786
chr3	7500	7591	92	92	2013.56915973356
chr3	7592	7688	97	95	2020.96008078143
chr3	7689	7782	94	94	2008.3961743963
chr3	7783	7868	86	86	2013.01223878199
chr3	7869	7959	91	91	2021.0871369352
chr3	7960	8048	89	89	2005.04583410604
chr3	8049	8148	100	94	2009.19504397889
chr3	8149	8248	100	100	2016.5081699629
chr3	8249	8345	97	97	2002.83039272151
chr3	8346	8430	85	85	2015.39655225181
chr3	8431	8519	89	89	2009.28263822192
chr3	8520	8607	88	87	2008.97510525913
chr3	8608	8695	88	88	2007.13080541543
chr3	8696	8785	90	90	2003.30800221388
chr3	8786	8879	94	94	2014.64887299242
chr3	8880	8973	94	94	2018.16418864182
chr3	8974	9064	91	91	2009.0896091937
chr3	9065	9155	91	91	2013.38005626925
chr3	9156	9252	97	97	2001.19190050736
chr3	9253	9348	96	95	2003.29458884883
chr3	9349	9431	83	83	2008.8384308017
chr3	9432	9516	85	85	2019.21278838794
chr3	9517	9606	90	90	2017.51608433045
chr3	9607	9691	85	85	2025.32933264278
chr3	9692	9902	211	186	3733.47628087244
chr4	1	106	106	101	2006.46241595719
chr4	107	215	109	90	2018.04958074035
chr4	216	294	79	79	2004.07337866502
chr4	295	374	80	80	2008.64838636823
chr4	375	496	122	78	2007.0788364737
chr4	497	577	81	80	2019.34843101879
chr4	578	664	87	87	2017.98613806118
chr4	665	749	85	85	2018.14722624607
chr4	750	834	85	85	2018.58037523025
chr4	835	921	87	87	2006.51375362644
chr4	922	1011	90	90	2012.34856631089
chr4	1012	1096	85	85	2014.28420800807
chr4	1097	1184	88	87	2014.51477202739
chr4	1185	1266	82	82	2003.51551096382
chr4	1267	1356	90	89	2001.11368240141
chr4	1357	1445	89	89	2017.62434098749
chr4	1446	1538	93	93	2020.24106732943
chr4	1539	1630	92	91	2018.29584106665
chr4	1631	1727	97	94	2004.29874472502
chr4	1728	1818	91	91	2026.16431048062
chr4	1819	1908	90	90	2006.01176890905
chr4	1909	2013	105	105	2017.08555437406
chr4	2014	2103	90	89	2003.03132803948
chr4	2104	2193	90	90	2017.47452003137
chr4	2194	2286	93	93	2002.60205376697
chr4	2287	2376	90	90	2000.93564961496
chr4	2377	2693	317	91	2014.3098388733
chr4	2694	2784	91	91	2008.88742625258
chr4	2785	2877	93	93	2017.31057433686
chr4	2878	2974	97	96	2020.91770275339
chr4	2975	3076	102	97	2017.10338196625
chr4	3077	3168	92	91	2004.4249973939
chr4	3169	3269	101	100	2008.12487252568
chr4	3270	3365	96	96	2004.23991399493
chr4	3366	3459	94	94	2002.72342782452
chr4	3460	3588	129	104	2006.15688423226
chr4	3589	3683	95	95	2013.28013828515
chr4	3684	3782	99	92	2003.64325345796
chr4	3783	3878	96	96	2022.04045015827
chr4	3879	3965	87	87	2001.58311835967
chr4	3966	4054	89	89	2014.70891097845
chr4	4055	4140	86	86	2011.52606537557
chr4	4141	4238	98	98	2022.83146869941
chr4	4239	4327	89	89	2020.23805648766
chr4	4328	4422	95	95	2000.50845737845
chr4	4423	4515	93	93	2002.87939644854
chr4	4516	4607	92	91	2008.83578277582
chr4	4608	4703	96	96	2001.48444469703
chr4	4704	4794	91	91	2005.08145949172
chr4	4795	4880	86	86	2011.09632678983
chr4	4881	4978	98	98	2021.05383023164
chr4	4979	5073	95	95	2001.28973092091
chr4	5074	5163	90	90	2003.35915332625
chr4	5164	5267	104	99	2018.25879287627
chr4	5268	5361	94	94	2015.4371264236
chr4	5362	5452	91	91	2010.06384424104
chr4	5453	5541	89	89	2016.0011256824
chr4	5542	5634	93	92	2009.05813130103
chr4	5635	5725	91	91	2008.19855655809
chr4	5726	5815	90	90	2004.16754100119
chr4	5816	5910	95	95	2009.0480967664
chr4	5911	6021	111	93	2016.99725825213
chr4	6022	6110	89	89	2023.12477315545
chr4	6111	6202	92	92	2014.39406983566
chr4	6203	6292	90	90	2006.96643642326
chr4	6293	6383	91	91	2009.40608331646
chr4	6384	6482	99	99	2003.74604021098
chr4	6483	6575	93	93	2002.70687260511
chr4	6576	6689	114	98	2012.15343856235
chr4	6690	6786	97	97	2000.36185497148
chr4	6787	6882	96	96	2017.69594718998
chr4	6883	6971	89	89	2006.95474753875
chr4	6972	7065	94	94	2011.01337508263
chr4	7066	7153	88	88	2007.20756054178
chr4	7154	7262	109	90	2018.78268805938
chr4	7263	7354	92	91	2010.70474793282
chr4	7355	7442	88	88	2006.32473386653
chr4	7443	7530	88	87	2003.96598545724
chr4	7531	7623	93	93	2018.53879500463
chr4	7624	7705	82	82	2000.06909333708
chr4	7706	7792	87	87	2019.92595182522
chr4	7793	7879	87	87	2001.45365458422
chr4	7880	7967	88	88	2001.22968537583
chr4	7968	8064	97	97	2011.07135798265
chr4	8065	8159	95	95	2007.50547263482
chr4	8160	8251	92	92	2016.61490618349
chr4	8252	8352	101	97	2022.88978056046
chr4	8353	8447	95	95	2021.70131266407
chr4	8448	8540	93	93	2005.88867151287
chr4	8541	8632	92	92	2008.4983749745
chr4	8633	8721	89	89	2007.19312750493
chr4	8722	8811	90	89	2012.00036011193
chr4	8812	8900	89	89	2009.81708612431
chr4	8901	8992	92	92	2009.87189199387
chr4	8993	9081	89	89	2002.99057357082
chr4	9082	9166	85	85	2011.09139041566
chr4	9167	9254	88	88	2017.72746176171
chr4	9255	9345	91	91	2013.7851859967
chr4	9346	9436	91	90	2015.15762954512
chr4	9437	9558	122	104	2715.12268137904
chr5	1	106	106	89	2012.25140254924
chr5	107	186	80	80	2005.11417973817
chr5	187	267	81	81	2003.97472553583
chr5	268	346	79	79	2002.6329564814
chr5	347	432	86	85	2004.92679004666
chr5	433	515	83	82	2003.58706653147
chr5	516	597	82	82	2021.77130723596
chr5	598	685	88	88	2011.54555320066
chr5	686	770	85	85	2016.07517548578
chr5	771	859	89	89	2016.57027935567
chr5	860	960	101	94	2008.37608244505
chr5	961	1077	117	96	2022.53844306934
chr5	1078	1177	100	91	2015.24763784006
chr5	1178	1275	98	98	2014.19747782452
chr5	1276	1370	95	95	2003.66137233481
chr5	1371	1466	96	96	2015.19513954198
chr5	1467	1560	94	91	2021.01261037586
chr5	1561	1653	93	93	2013.18069231179
chr5	1654	1758	105	88	2000.1650392629
chr5	1759	1846	88	88	2015.97264827354
chr5	1847	1938	92	89	2014.12874643171
chr5	1939	2028	90	90	2003.86586553525
chr5	2029	2120	92	92	2009.09548622466
chr5	2121	2222	102	101	2012.13993518791
chr5	2223	2549	327	96	2008.16036838495
chr5	2550	2640	91	90	2018.45645757471
chr5	2641	2730	90	90	2017.45951488917
chr5	2731	2823	93	93	2001.24824793019
chr5	2824	2909	86	86	2017.20604934698
chr5	2910	2993	84	84	2013.1872420789
chr5	2994	3082	89	88	2005.76228638143
chr5	3083	3175	93	93	2013.41600650828
chr5	3176	3270	95	94	2016.86998424689
chr5	3271	3355	85	85	2011.51904667674
chr5	3356	3546	191	96	2010.83072564989
chr5	3547	3631	85	85	2027.91510980619
chr5	3632	3713	82	82	2012.36979670628
chr5	3714	3810	97	96	2009.90091255465
chr5	3811	3899	89	88	2000.62222747586
chr5	3900	3996	97	97	2018.23821104072
chr5	3997	4088	92	91	2005.28252638501
chr5	4089	4174	86	86	2000.27597265464
chr5	4175	4268	94	94	2008.2870522887
chr5	4269	4363	95	93	2005.69701248
chr5	4364	4452	89	88	2008.15552101076
chr5	4453	4542	90	90	2006.98170915458
chr5	4543	4635	93	89	2012.2760985917
chr5	4636	4726	91	91	2014.51808810859
chr5	4727	4813	87	87	2009.24434140629
chr5	4814	4909	96	96	2004.667635698
chr5	4910	5019	110	98	2008.40215657881
chr5	5020	5115	96	96	2018.91376741689
chr5	5116	5205	90	89	2008.22127271692
chr5	5206	5300	95	95	2003.11769655995
chr5	5301	5385	85	85	2017.54035454508
chr5	5386	5476	91	90	2010.49187887871
chr5	5477	5567	91	91	2008.06813505356
chr5	5568	5656	89	89	2007.12730203553
chr5	5657	5749	93	92	2015.56307470565
chr5	5750	5836	87	87	2004.13059046962
chr5	5837	5927	91	91	2010.56352864773
chr5	5928	6020	93	93	2015.65535674739
chr5	6021	6112	92	92	2008.32898378596
chr5	6113	6198	86	86	2008.19008477576
chr5	6199	6285	87	87	2003.85206174038
chr5	6286	6377	92	92	2021.69656125515
chr5	6378	6468	91	91	2007.44856516478
chr5	6469	6568	100	100	2012.19476899688
chr5	6569	6655	87	87	2022.40927252953
chr5	6656	6745	90	90	2008.58822288754
chr5	6746	6824	79	79	2003.51009175001
chr5	6825	6916	92	92	2017.11241686053
chr5	6917	7019	103	100	2016.4837429243
chr5	7020	7109	90	90	2015.612243747
chr5	7110	7191	82	82	2012.29474231087
chr5	7192	7284	93	93	2019.20381155392
chr5	7285	7366	82	82	2010.35851965788
chr5	7367	7452	86	86	2010.51599149991
chr5	7453	7540	88	87	2009.09244102528
chr5	7541	7627	87	87	2017.93634099349
chr5	7628	7713	86	85	2015.34217370226
chr5	7714	7801	88	84	2005.98799051615
chr5	7802	7892	91	91	2011.85710136206
chr5	7893	7970	78	78	2004.31802399269
chr5	7971	8060	90	90	2017.94574613479
chr5	8061	8155	95	95	2022.36821245661
chr5	8156	8243	88	88	2010.97571617615
chr5	8244	8331	88	88	2001.33681134395
chr5	8332	8411	80	80	2010.75707234317
chr5	8412	8487	76	76	2017.56864326841
chr5	8488	8569	82	82	2003.48361820472
chr5	8570	8658	89	89	2010.23544064555
chr5	8659	8740	82	82	2008.96240681792
chr5	8741	8849	109	93	2010.43480898434
chr5	8850	9046	197	164	3326.09647206523
chr6	1	84	84	76	2022.38720492207
chr6	85	171	87	87	2003.9571598421
chr6	172	258	87	87	2021.55224250988
chr6	259	344	86	86	2017.02906546158
chr6	345	435	91	91	2014.03666936717
chr6	436	522	87	87	2008.29653749375
chr6	523	612	90	90	2020.81555917716
chr6	613	698	86	86	2008.93564752751
chr6	699	785	87	87	2019.44405218491
chr6	786	872	87	87	2013.8216928019
chr6	873	966	94	94	2010.29736324753
chr6	967	1056	90	90	2013.83349871491
chr6	1057	1144	88	87	2008.40452037204
chr6	1145	1232	88	88	2015.95942627153
chr6	1233	1326	94	94	2017.00493746278
chr6	1327	1438	112	97	2016.28307567982
chr6	1439	1546	108	103	2006.47833125531
chr6	1547	1675	129	111	2007.97914477902
chr6	1676	1765	90	90	2009.80071114221
chr6	1766	1864	99	99	2012.4190473121
chr6	1865	1948	84	84	2008.9027637342
chr6	1949	2022	74	74	2028.00704254547
chr6	2023	2103	81	81	2013.14197340904
chr6	2104	2199	96	96	2004.64366629142
chr6	2200	2285	86	85	2014.43243115211
chr6	2286	2363	78	78	2001.3466261048
chr6	2364	2452	89	89	2016.4816196607
chr6	2453	2542	90	90	2010.54056936178
chr6	2543	2627	85	85	2006.9646159819
chr6	2628	2720	93	90	2001.30888011216
chr6	2721	2812	92	92	2015.41284324818
chr6	2813	2883	71	71	2001.45418271065
chr6	2884	3262	379	100	2010.60135530933
chr6	3263	3359	97	96	2000.45108316403
chr6	3360	3459	100	100	2008.80665507607
chr6	3460	3548	89	89	2002.164104123
chr6	3549	3640	92	92	2020.14099001843
chr6	3641	3736	96	96	2007.62517763439
chr6	3737	3833	97	97	2020.53748114361
chr6	3834	3933	100	98	2007.20013108156
chr6	3934	4027	94	94	2008.9245494339
chr6	4028	4124	97	96	2007.08436905969
chr6	4125	4218	94	94	2001.57158212998
chr6	4219	4310	92	92	2001.78326535035
chr6	4311	4417	107	105	2009.98590490872
chr6	4418	4510	93	93	2005.97965567719
chr6	4511	4594	84	84	2016.01496450126
chr6	4595	4685	91	91	2009.87788916756
chr6	4686	4777	92	92	2005.76822885575
chr6	4778	4877	100	92	2014.10794869253
chr6	4878	4964	87	87	2002.26493251126
chr6	4965	5052	88	88	2011.19670798688
chr6	5053	5146	94	93	2008.84849623592
chr6	5147	5243	97	96	2006.83560132379
chr6	5244	5331	88	88	2006.7284983341
chr6	5332	5425	94	94	2008.78292617232
chr6	5426	5520	95	95	2010.11087834161
chr6	5521	5616	96	96	2005.52905091777
chr6	5617	5702	86	86	2001.33679807138
chr6	5703	5798	96	94	2016.53799078427
chr6	5799	5890	92	92	2019.84207252787
chr6	5891	5981	91	90	2010.23942991071
chr6	5982	6074	93	93	2005.67469781048
chr6	6075	6169	95	95	2012.15157720683
chr6	6170	6254	85	85	2003.59882447252
chr6	6255	6340	86	86	2013.87460313469
chr6	6341	6429	89	89	2011.15302119848
chr6	6430	6516	87	87	2008.59624838229
chr6	6517	6605	89	88	2020.73089761864
chr6	6606	6692	87	87	2012.43583509553
chr6	6693	6782	90	90	2009.84741127666
chr6	6783	6871	89	89	2022.68358036183
chr6	6872	6959	88	88	2017.55200481087
chr6	6960	7050	91	91	2000.71222040766
chr6	7051	7143	93	93	2017.55415925697
chr6	7144	7232	89	89	2012.98878234202
chr6	7233	7321	89	89	2015.35238995157
chr6	7322	7407	86	86	2018.06901247279
chr6	7408	7493	86	86	2008.79802708847
chr6	7494	7590	97	95	2010.64147209561
chr6	7591	7680	90	90	2021.1613052718
chr6	7681	7774	94	94	2023.26837294664
chr6	7775	7857	83	83	2001.61435068343
chr6	7858	7953	96	89	2022.91433653905
chr6	7954	8042	89	89	2010.93980850342
chr6	8043	8135	93	90	2016.69492497124
chr6	8136	8219	84	84	2026.80780061095
chr6	8220	8306	87	87	2000.50293002292
chr6	8307	8395	89	86	2024.69656289969
chr6	8396	8556	161	141	3332.02468022428
chr7	1	102	102	95	2002.2808307989
chr7	103	192	90	90	2001.96769129235
chr7	193	316	124	104	2015.06571074432
chr7	317	427	111	97	2003.92128260273
chr7	428	518	91	91	2013.72982149853
chr7	519	609	91	91	2006.32975823362
chr7	610	702	93	92	2019.64113390488
chr7	703	790	88	88	2000.49654710399
chr7	791	879	89	89	2006.89368257457
chr7	880	966	87	87	2012.86093609094
chr7	967	1056	90	90	2004.57115602756
chr7	1057	1141	85	83	2001.75363041926
chr7	1142	1237	96	96	2015.21939524051
chr7	1238	1320	83	83	2008.52229774993
chr7	1321	1405	85	85	2005.7787035978
chr7	1406	1482	77	77	2009.43961586159
chr7	1483	1570	88	83	2020.55780481389
chr7	1571	1672	102	90	2015.54661457892
chr7	1673	1770	98	83	2027.26919835294
chr7	1771	1860	90	87	2001.4566446166
chr7	1861	1949	89	87	2017.79496098451
chr7	1950	2041	92	89	2027.10829110002
chr7	2042	2120	79	79	2014.41142543585
chr7	2121	2212	92	88	2005.67645888035
chr7	2213	2309	97	90	2003.90827541316
chr7	2310	2392	83	83	2011.94889702707
chr7	2393	2481	89	87	2017.23453831392
chr7	2482	2567	86	83	2023.3800738082
chr7	2568	2660	93	91	2004.72569073618
chr7	2661	2756	96	93	2022.95076887249
chr7	2757	3172	416	128	2018.17701125216
chr7	3173	3361	189	131	2015.03539079625
chr7	3362	3459	98	98	2010.30361889766
chr7	3460	3541	82	82	2013.21790971851
chr7	3542	3680	139	102	2002.29886770325
chr7	3681	3887	207	115	2010.49987352452
chr7	3888	3973	86	86	2008.93963131147
chr7	3974	4063	90	90	2024.64874948468
chr7	4064	4152	89	88	2012.70451510039
chr7	4153	4243	91	91	2002.24085986289
chr7	4244	4334	91	91	2009.43466790156
chr7	4335	4426	92	91	2006.89646425754
chr7	4427	4522	96	94	2016.13189827048
chr7	4523	4616	94	94	2011.3564565177
chr7	4617	4703	87	87	2022.91712754759
chr7	4704	4791	88	88	2009.44265029756
chr7	4792	4894	103	96	2005.40399913622
chr7	4895	5009	115	109	2003.04725365113
chr7	5010	5154	145	115	2016.89544882015
chr7	5155	5244	90	90	2020.1481792054
chr7	5245	5340	96	96	2014.11293728971
chr7	5341	5430	90	90	2014.93963332913
chr7	5431	5525	95	94	2007.38198288439
chr7	5526	5611	86	86	2001.69655437415
chr7	5612	5705	94	93	2012.18006920082
chr7	5706	5790	85	85	2006.92074482823
chr7	5791	5875	85	85	2022.24122352515
chr7	5876	5966	91	91	2008.77033777906
chr7	5967	6054	88	88	2010.97832642444
chr7	6055	6142	88	88	2002.62913493755
chr7	6143	6234	92	92	2003.72222311883
chr7	6235	6325	91	91	2008.31153061868
chr7	6326	6423	98	86	2022.60511851776
chr7	6424	6529	106	99	2005.23885721045
chr7	6530	6611	82	82	2015.22387421676
chr7	6612	6694	83	83	2022.77852889534
chr7	6695	6783	89	89	2016.21898357835
chr7	6784	6871	88	88	2027.1363931264
chr7	6872	6974	103	100	2005.82247208572
chr7	6975	7068	94	94	2019.07396973093
chr7	7069	7188	120	95	2021.155208366
chr7	7189	7290	102	92	2019.31412493502
chr7	7291	7379	89	89	2015.1119586966
chr7	7380	7476	97	97	2016.39703283991
chr7	7477	7590	114	91	2018.27623495241
chr7	7591	7709	119	93	2018.15789836713
chr7	7710	7796	87	81	2008.75834837281
chr7	7797	7957	161	160	3571.09547090762
chr8	1	103	103	88	2007.83371533429
chr8	104	186	83	82	2011.44530376015
chr8	187	270	84	84	2020.22053362103
chr8	271	416	146	86	2000.59865460186
chr8	417	504	88	87	2010.39119073508
chr8	505	582	78	78	2014.22673003901
chr8	583	708	126	90	2015.32130408045
chr8	709	797	89	89	2009.38701588458
chr8	798	887	90	90	2015.32179787631
chr8	888	972	85	85	2001.98036320197
chr8	973	1051	79	79	2011.62453863274
chr8	1052	1133	82	82	2015.71499190678
chr8	1134	1219	86	86	2011.88576655305
chr8	1220	1305	86	86	2005.06238499699
chr8	1306	1390	85	85	2016.00242371284
chr8	1391	1478	88	88	2017.16563177414
chr8	1479	1571	93	93	2014.01350164264
chr8	1572	1655	84	84	2018.80530391714
chr8	1656	1748	93	93	2014.20065553889
chr8	1749	1836	88	88	2013.35157200271
chr8	1837	1926	90	90	2024.51483473788
chr8	1927	2028	102	95	2020.14406757056
chr8	2029	2117	89	89	2001.21936022406
chr8	2118	2474	357	105	2021.3396684119
chr8	2475	2563	89	88	2019.31158417772
chr8	2564	2656	93	93	2004.90155120984
chr8	2657	2749	93	93	2002.40634601336
chr8	2750	2838	89	89	2010.21133575317
chr8	2839	2930	92	91	2021.04381128906
chr8	2931	3015	85	85	2015.92595475307
chr8	3016	3104	89	89	2014.43450000191
chr8	3105	3191	87	87	2006.13085493301
chr8	3192	3279	88	88	2000.38708226606
chr8	3280	3369	90	90	2014.14099869974
chr8	3370	3462	93	93	2022.04360844547
chr8	3463	3554	92	92	2015.70189773355
chr8	3555	3644	90	90	2005.57324358391
chr8	3645	3732	88	88	2017.88738537869
chr8	3733	3826	94	94	2008.0705564791
chr8	3827	3917	91	91	2012.64883223708
chr8	3918	4008	91	91	2024.22138749377
chr8	4009	4097	89	89	2004.24591593503
chr8	4098	4188	91	91	2020.48546718635
chr8	4189	4284	96	95	2022.20835011844
chr8	4285	4390	106	92	2017.87650795299
chr8	4391	4484	94	94	2006.12161414777
chr8	4485	4580	96	96	2023.59950963521
chr8	4581	4669	89	89	2002.70423545734
chr8	4670	4755	86	86	2005.42071179215
chr8	4756	4846	91	91	2015.22912539321
chr8	4847	4931	85	85	2002.91251858425
chr8	4932	5028	97	97	2010.30755990546
chr8	5029	5119	91	91	2003.22198767083
chr8	5120	5207	88	88	2014.43145595505
chr8	5208	5294	87	87	2006.23143559748
chr8	5295	5379	85	85	2011.0194318082
chr8	5380	5466	87	87	2011.57180790757
chr8	5467	5553	87	87	2005.00319087693
chr8	5554	5645	92	92	2003.56855824581
chr8	5646	5736	91	91	2010.91859216071
chr8	5737	5829	93	93	2009.80175699742
chr8	5830	5913	84	84	2018.17812053055
chr8	5914	5994	81	81	2001.80145145821
chr8	5995	6084	90	90	2007.1710210872
chr8	6085	6170	86	86	2008.21994809844
chr8	6171	6255	85	85	2022.16284873159
chr8	6256	6344	89	89	2020.50163754192
chr8	6345	6428	84	84	2020.83784819874
chr8	6429	6509	81	81	2017.32268457892
chr8	6510	6593	84	84	2017.19560129911
chr8	6594	6675	82	82	2017.42765413231
chr8	6676	6754	79	79	2020.99982394639
chr8	6755	6832	78	78	2006.7967768206
chr8	6833	6918	86	86	2009.90953705124
chr8	6919	6999	81	81	2011.40634282804
chr8	7000	7077	78	78	2012.44795329912
chr8	7078	7163	86	82	2025.47314045869
chr8	7164	7319	156	136	2804.49001828602
chr9	1	97	97	87	2009.6018764678
chr9	98	182	85	85	2003.36870871345
chr9	183	275	93	92	2016.45001553637
chr9	276	372	97	97	2018.65489997892
chr9	373	455	83	83	2006.6356217801
chr9	456	544	89	89	2010.98843765006
chr9	545	639	95	95	2018.50120315066
chr9	640	722	83	83	2007.38486197965
chr9	723	814	92	92	2004.47747430771
chr9	815	901	87	87	2012.79487182457
chr9	902	990	89	89	2010.47148305157
chr9	991	1080	90	87	2005.12113258262
chr9	1081	1175	95	94	2025.55630624428
chr9	1176	1270	95	95	2015.2816522134
chr9	1271	1361	91	91	2014.67753074707
chr9	1362	1449	88	88	2020.58215893765
chr9	1450	1544	95	95	2017.61267245102
chr9	1545	1640	96	96	2017.51945551853
chr9	1641	1757	117	104	2012.14528497735
chr9	1758	1851	94	94	2025.19381680419
chr9	1852	3554	1703	88	2023.51405990095
chr9	3555	3639	85	85	2009.04037622819
chr9	3640	3727	88	86	2002.50362127187
chr9	3728	3818	91	91	2016.63214847355
chr9	3819	3908	90	90	2008.59680143905
chr9	3909	3995	87	87	2007.47404065635
chr9	3996	4082	87	87	2000.90093325523
chr9	4083	4168	86	86	2012.07587682391
chr9	4169	4261	93	92	2021.98057335229
chr9	4262	4355	94	88	2011.08338798862
chr9	4356	4447	92	86	2009.79107576597
chr9	4448	4535	88	86	2000.78859562986
chr9	4536	4638	103	87	2011.79303849738
chr9	4639	4724	86	84	2015.06596238034
chr9	4725	4821	97	96	2009.03311119121
chr9	4822	4918	97	91	2022.47860345691
chr9	4919	5024	106	92	2020.74104236905
chr9	5025	5105	81	81	2000.88695989978
chr9	5106	5195	90	90	2018.50198220829
chr9	5196	5285	90	90	2012.59266616994
chr9	5286	5378	93	93	2018.8392774962
chr9	5379	5469	91	90	2019.95597096751
chr9	5470	5551	82	82	2016.36829397988
chr9	5552	5631	80	80	2004.80580564263
chr9	5632	5721	90	90	2006.12014467341
chr9	5722	5819	98	97	2003.19838901273
chr9	5820	5898	79	78	2020.27453333029
chr9	5899	5979	81	81	2011.19130369063
chr9	5980	6057	78	78	2009.76844386458
chr9	6058	6138	81	81	2019.96721685695
chr9	6139	6226	88	88	2022.86241599184
chr9	6227	6313	87	87	2013.15163497337
chr9	6314	6407	94	94	2010.60348345754
chr9	6408	6491	84	84	2005.56881264183
chr9	6492	6593	102	102	2013.16445713234
chr9	6594	6699	106	97	2020.8591308746
chr9	6700	6787	88	88	2005.69492973374
chr9	6788	6877	90	87	2013.99727768188
chr9	6878	7061	184	170	3726.08874299509
chr10	1	92	92	86	2004.99689882743
chr10	93	173	81	81	2019.64831706224
chr10	174	261	88	85	2008.83669817941
chr10	262	354	93	92	2009.64007595622
chr10	355	438	84	84	2003.65763932277
chr10	439	521	83	83	2002.74068087934
chr10	522	604	83	83	2011.38793391114
chr10	605	699	95	95	2005.27784614484
chr10	700	789	90	88	2010.06891352348
chr10	790	880	91	91	2015.66666742987
chr10	881	995	115	92	2018.09925617309
chr10	996	1084	89	89	2009.54327449222
chr10	1085	1180	96	94	2012.78040501476
chr10	1181	1269	89	89	2005.28262330844
chr10	1270	1365	96	96	2006.28811788703
chr10	1366	1464	99	97	2001.82470972688
chr10	1465	1561	97	97	2005.71497254624
chr10	1562	1660	99	99	2016.51191088974
chr10	1661	1743	83	83	2009.93007496214
chr10	1744	1838	95	95	2012.28364740985
chr10	1839	2201	363	114	2000.99234354872
chr10	2202	2290	89	87	2009.44484040961
chr10	2291	2491	201	74	2015.04289260263
chr10	2492	2613	122	80	2008.76510686994
chr10	2614	2704	91	85	2010.08722113487
chr10	2705	2797	93	92	2004.42614106593
chr10	2798	2895	98	96	2011.48657315234
chr10	2896	2989	94	94	2010.19863451339
chr10	2990	3080	91	89	2024.94258670034
chr10	3081	3162	82	82	2001.43732649642
chr10	3163	3250	88	86	2004.78219852252
chr10	3251	3342	92	92	2006.58988682418
chr10	3343	3435	93	91	2014.07051126268
chr10	3436	3542	107	107	2004.92513577185
chr10	3543	3626	84	84	2020.67183202949
chr10	3627	3706	80	80	2006.27993333969
chr10	3707	3816	110	106	2012.09312987434
chr10	3817	3901	85	85	2018.4221044125
chr10	3902	3977	76	76	2003.60499493028
chr10	3978	4051	74	74	2002.48310852556
chr10	4052	4164	113	94	2005.90990299217
chr10	4165	4252	88	88	2021.77619222538
chr10	4253	4342	90	90	2015.14970360622
chr10	4343	4424	82	82	2012.03629809374
chr10	4425	4534	110	89	2016.01259638614
chr10	4535	4623	89	89	2004.19693370885
chr10	4624	4717	94	94	2007.53559388926
chr10	4718	4806	89	89	2013.96084396902
chr10	4807	4909	103	99	2021.73992321481
chr10	4910	4998	89	89	2007.16976048249
chr10	4999	5090	92	92	2010.52947368646
chr10	5091	5181	91	91	2003.57730956655
chr10	5182	5284	103	103	2019.24503703584
chr10	5285	5364	80	80	2010.44155747012
chr10	5365	5450	86	86	2014.63605544145
chr10	5451	5535	85	85	2001.68973426208
chr10	5536	5626	91	91	2011.08025908147
chr10	5627	5708	82	82	2012.17574405644
chr10	5709	5787	79	79	2006.93860089684
chr10	5788	5877	90	89	2020.21247264101
chr10	5878	5957	80	80	2002.90839977433
chr10	5958	6035	78	78	2006.02069989397
chr10	6036	6124	89	89	2002.35712068891
chr10	6125	6206	82	82	2008.92132485332
chr10	6207	6285	79	77	2023.61369228671
chr10	6286	6373	88	85	2020.29040204574
chr10	6374	6459	86	77	2028.32180983461
chr10	6460	6534	75	75	2002.47978323965
chr10	6535	6612	78	78	2029.25430255109
chr10	6613	6777	165	152	3625.87670771781
chr11	1	113	113	101	2013.17650381921
chr11	114	227	114	92	2022.19597432766
chr11	228	317	90	89	2007.37664033611
chr11	318	404	87	86	2007.98846864888
chr11	405	498	94	94	2005.73710063108
chr11	499	581	83	83	2005.50656383686
chr11	582	659	78	78	2012.84587140158
chr11	660	752	93	93	2018.52067643558
chr11	753	831	79	79	2004.21314037633
chr11	832	920	89	88	2009.5033605066
chr11	921	1006	86	85	2015.2284879672
chr11	1007	1091	85	85	2018.30184284614
chr11	1092	1184	93	93	2016.03233497144
chr11	1185	1280	96	96	2010.48580253768
chr11	1281	1371	91	91	2009.69305273121
chr11	1372	1458	87	87	2004.24733417883
chr11	1459	1543	85	85	2018.58692448189
chr11	1544	1627	84	84	2012.74385274178
chr11	1628	1722	95	95	2020.91988740624
chr11	1723	1803	81	81	2004.24085265727
chr11	1804	1888	85	85	2025.12357376032
chr11	1889	1984	96	96	2003.59163599833
chr11	1985	2075	91	90	2007.59241782179
chr11	2076	2167	92	92	2009.14864072655
chr11	2168	2249	82	82	2015.17434640072
chr11	2250	2331	82	82	2009.95302988973
chr11	2332	2562	231	115	2008.98394126487
chr11	2563	2877	315	97	2009.10093089833
chr11	2878	2980	103	99	2015.70735701669
chr11	2981	3074	94	91	2023.55807059181
chr11	3075	3187	113	111	2002.32719281775
chr11	3188	3294	107	107	2013.50396516348
chr11	3295	3415	121	107	2014.17284159172
chr11	3416	3505	90	84	2011.00020350729
chr11	3506	3607	102	86	2012.72741713296
chr11	3608	3703	96	96	2019.73805344523
chr11	3704	3793	90	90	2012.72239047348
chr11	3794	3887	94	91	2005.68358001196
chr11	3888	3967	80	80	2003.79128202801
chr11	3968	4053	86	86	2017.99672723061
chr11	4054	4142	89	89	2003.46562671756
chr11	4143	4228	86	86	2007.93308508201
chr11	4229	4321	93	93	2002.35902324465
chr11	4322	4415	94	91	2005.7196548179
chr11	4416	4563	148	94	2009.30475726869
chr11	4564	4647	84	84	2011.13422143686
chr11	4648	4739	92	91	2019.78510023427
chr11	4740	4835	96	88	2018.69026527771
chr11	4836	4930	95	95	2015.02581810451
chr11	4931	5023	93	93	2013.63352404073
chr11	5024	5118	95	94	2015.13242486372
chr11	5119	5206	88	88	2003.45960300658
chr11	5207	5296	90	90	2010.81928035549
chr11	5297	5387	91	91	2011.89380906536
chr11	5388	5482	95	95	2012.79782481427
chr11	5483	5567	85	85	2028.05970872115
chr11	5568	5651	84	84	2009.21799095871
chr11	5652	5733	82	81	2000.44075258881
chr11	5734	5808	75	75	2011.8620662497
chr11	5809	5889	81	80	2011.9420829329
chr11	5890	5983	94	93	2014.75203917547
chr11	5984	6057	74	74	2018.01886385742
chr11	6058	6142	85	85	2018.99439279374
chr11	6143	6229	87	87	2003.27656687227
chr11	6230	6316	87	86	2011.08968837571
chr11	6317	6391	75	75	2008.9999565019
chr11	6392	6474	83	83	2007.82222016824
chr11	6475	6561	87	85	2004.57340466749
chr11	6562	6636	75	75	2026.38263443059
chr11	6637	6751	115	110	2856.46807667806
chr12	1	103	103	95	2009.90172423334
chr12	104	180	77	77	2001.33179066444
chr12	181	260	80	80	2027.73992513325
chr12	261	350	90	88	2009.75953659138
chr12	351	493	143	109	2007.92670561161
chr12	494	600	107	99	2009.07191877535
chr12	601	689	89	89	2003.12874488968
chr12	690	778	89	89	2004.53674090767
chr12	779	864	86	86	2012.42070971421
chr12	865	957	93	93	2001.67512016845
chr12	958	1048	91	90	2007.28817252545
chr12	1049	1145	97	97	2016.54115909676
chr12	1146	1230	85	85	2023.30635812668
chr12	1231	1318	88	88	2010.73274519528
chr12	1319	1411	93	91	2000.49356316448
chr12	1412	1499	88	88	2007.97835553368
chr12	1500	1603	104	96	2010.3969399519
chr12	1604	1964	361	108	2000.04411924214
chr12	1965	2056	92	92	2008.21979793803
chr12	2057	2146	90	90	2004.3500097295
chr12	2147	2235	89	89	2004.02145169296
chr12	2236	2325	90	90	2013.01485904198
chr12	2326	2420	95	94	2024.60491286223
chr12	2421	2523	103	103	2003.52364665265
chr12	2524	2629	106	105	2017.5405454442
chr12	2630	2718	89	89	2015.06979498029
chr12	2719	2822	104	100	2005.52928214412
chr12	2823	2932	110	108	2005.85338366778
chr12	2933	3020	88	88	2008.07022295966
chr12	3021	3114	94	94	2016.03793420335
chr12	3115	3216	102	91	2004.34829843417
chr12	3217	3308	92	92	2023.77185994935
chr12	3309	3392	84	84	2007.59601353781
chr12	3393	3482	90	90	2010.82091014918
chr12	3483	3573	91	91	2024.78546062934
chr12	3574	3660	87	87	2010.23597896078
chr12	3661	3759	99	98	2020.83848559753
chr12	3760	3850	91	91	2005.81469072558
chr12	3851	3937	87	87	2002.51710422832
chr12	3938	4027	90	90	2008.00615171308
chr12	4028	4117	90	90	2004.56487771225
chr12	4118	4213	96	95	2013.65335897846
chr12	4214	4305	92	91	2019.06180856196
chr12	4306	4403	98	98	2019.3907715002
chr12	4404	4494	91	91	2006.52377169957
chr12	4495	4581	87	87	2020.19263773097
chr12	4582	4669	88	88	2016.05930284438
chr12	4670	4760	91	91	2025.17014037333
chr12	4761	4859	99	99	2010.93296489149
chr12	4860	4942	83	83	2001.41872244084
chr12	4943	5036	94	94	2003.83988172567
chr12	5037	5127	91	91	2005.09334526044
chr12	5128	5212	85	85	2018.25813314992
chr12	5213	5303	91	91	2000.48506624975
chr12	5304	5386	83	83	2002.86328770463
chr12	5387	5467	81	81	2010.935537274
chr12	5468	5569	102	98	2011.89575968102
chr12	5570	5666	97	97	2006.23280404825
chr12	5667	5745	79	79	2007.12740591373
chr12	5746	5825	80	80	2009.48101762806
chr12	5826	5912	87	87	2011.555133409
chr12	5913	6000	88	88	2005.31594455095
chr12	6001	6110	110	109	2009.30567554471
chr12	6111	6227	117	110	2006.52799375738
chr12	6228	6311	84	84	2001.52906402759
chr12	6312	6394	83	83	2001.89394546508
chr12	6395	6478	84	84	2013.25907977273
chr12	6479	6559	81	81	2026.31723733784
chr12	6560	6693	134	125	2521.72094229603
chr13	1	1099	1099	111	2010.72560073018
chr13	1100	1192	93	91	2013.64785375274
chr13	1193	1295	103	93	2016.2369301345
chr13	1296	1379	84	84	2020.86314199928
chr13	1380	1471	92	92	2023.77115503243
chr13	1472	1558	87	85	2013.66704494906
chr13	1559	1642	84	84	2006.44628351169
chr13	1643	1729	87	87	2004.21319941574
chr13	1730	1817	88	88	2009.67678951545
chr13	1818	1903	86	86	2011.20070706957
chr13	1904	1992	89	89	2020.75008311225
chr13	1993	2082	90	88	2001.04044683176
chr13	2083	2174	92	91	2021.97728960861
chr13	2175	2254	80	80	2010.67262483157
chr13	2255	2344	90	90	2012.35262805035
chr13	2345	2436	92	89	2002.52199440183
chr13	2437	2536	100	99	2017.34842034761
chr13	2537	2621	85	85	2012.61114115016
chr13	2622	2722	101	86	2002.63358761108
chr13	2723	2818	96	96	2002.96658593196
chr13	2819	2918	100	98	2010.79170768347
chr13	2919	3008	90	90	2023.0981033341
chr13	3009	3096	88	88	2003.75859534016
chr13	3097	3189	93	93	2018.90879503643
chr13	3190	3290	101	96	2009.07661596477
chr13	3291	3381	91	91	2015.16182432126
chr13	3382	3472	91	91	2019.83370837509
chr13	3473	3566	94	94	2014.79902833805
chr13	3567	3651	85	85	2012.84713016046
chr13	3652	3738	87	87	2019.39935774836
chr13	3739	3825	87	87	2025.08026804735
chr13	3826	3911	86	86	2008.80250918561
chr13	3912	3997	86	86	2011.76764059067
chr13	3998	4090	93	92	2020.25834620675
chr13	4091	4184	94	94	2005.53696048576
chr13	4185	4275	91	91	2002.43778048841
chr13	4276	4377	102	94	2002.35788712657
chr13	4378	4469	92	92	2008.55050319355
chr13	4470	4561	92	92	2001.85784308147
chr13	4562	4651	90	90	2020.92523713926
chr13	4652	4740	89	89	2005.54426907335
chr13	4741	4830	90	90	2006.10216890201
chr13	4831	4914	84	84	2015.59286084287
chr13	4915	5002	88	88	2010.92735700685
chr13	5003	5092	90	90	2006.06792464897
chr13	5093	5177	85	85	2009.67203582285
chr13	5178	5262	85	85	2021.54083128228
chr13	5263	5345	83	83	2019.2735305291
chr13	5346	5426	81	81	2009.7636368113
chr13	5427	5512	86	86	2011.31240759862
chr13	5513	5598	86	86	2025.41448837571
chr13	5599	5759	161	135	3071.82216792317
chr14	1	1125	1125	103	2013.07111487047
chr14	1126	1219	94	93	2020.70732715673
chr14	1220	1314	95	89	2012.38254068401
chr14	1315	1402	88	88	2021.40604089116
chr14	1403	1500	98	93	2005.34832996603
chr14	1501	1593	93	93	2005.28323480912
chr14	1594	1683	90	90	2023.21065960206
chr14	1684	1775	92	90	2006.26071585696
chr14	1776	1869	94	94	2011.93059415463
chr14	1870	1962	93	92	2006.93641764432
chr14	1963	2062	100	100	2003.48310259263
chr14	2063	2160	98	96	2004.62549796601
chr14	2161	2257	97	97	2006.9660696897
chr14	2258	2357	100	100	2022.24364499109
chr14	2358	2450	93	93	2022.85738460785
chr14	2451	2549	99	99	2012.20478809922
chr14	2550	2638	89	87	2007.64058051592
chr14	2639	2730	92	92	2014.48015493988
chr14	2731	2820	90	90	2018.61357097917
chr14	2821	2908	88	87	2008.61875551494
chr14	2909	2997	89	89	2000.46757342012
chr14	2998	3090	93	93	2011.7436775836
chr14	3091	3175	85	85	2004.540482467
chr14	3176	3272	97	97	2018.55949763753
chr14	3273	3362	90	90	2020.8773619462
chr14	3363	3452	90	90	2002.48347018345
chr14	3453	3538	86	86	2004.0704001722
chr14	3539	3630	92	91	2000.00072405762
chr14	3631	3730	100	97	2014.13712858939
chr14	3731	3820	90	90	2006.52048130526
chr14	3821	3906	86	86	2008.80373058182
chr14	3907	3984	78	78	2001.70339093833
chr14	3985	4068	84	84	2005.01979749519
chr14	4069	4156	88	88	2011.82551522221
chr14	4157	4244	88	88	2016.85375675442
chr14	4245	4332	88	87	2016.84881989213
chr14	4333	4418	86	86	2015.10299017405
chr14	4419	4506	88	88	2018.21523353189
chr14	4507	4599	93	93	2013.22394385367
chr14	4600	4693	94	94	2014.34416537257
chr14	4694	4772	79	79	2013.11444739996
chr14	4773	4852	80	80	2017.81677880918
chr14	4853	4927	75	75	2001.3259505831
chr14	4928	5004	77	77	2024.39286198192
chr14	5005	5086	82	82	2015.21803667364
chr14	5087	5184	98	98	2010.66697379935
chr14	5185	5368	184	158	3171.47372828531
chr15	1	1288	1288	97	2026.11949280508
chr15	1289	1372	84	84	2002.3252455595
chr15	1373	1493	121	86	2009.8510119859
chr15	1494	1649	156	89	2026.00777124916
chr15	1650	1733	84	84	2021.09440960253
chr15	1734	1830	97	87	2012.14639113607
chr15	1831	1915	85	84	2003.21360684992
chr15	1916	1997	82	82	2013.77221253438
chr15	1998	2101	104	104	2019.02475140259
chr15	2102	2206	105	95	2001.79721620794
chr15	2207	2318	112	100	2022.56083977947
chr15	2319	2405	87	84	2012.29246894021
chr15	2406	2487	82	82	2004.55646211716
chr15	2488	2585	98	97	2023.60514386398
chr15	2586	2676	91	91	2001.97414783443
chr15	2677	2760	84	84	2015.70639122311
chr15	2761	2860	100	100	2015.4868096763
chr15	2861	2943	83	83	2019.57150555219
chr15	2944	3035	92	92	2013.00202375637
chr15	3036	3109	74	74	2008.72823812949
chr15	3110	3193	84	84	2001.80383337973
chr15	3194	3296	103	103	2016.76850920641
chr15	3297	3383	87	87	2012.39466377171
chr15	3384	3467	84	84	2010.71677820946
chr15	3468	3543	76	76	2005.38328758242
chr15	3544	3629	86	86	2013.82947199122
chr15	3630	3717	88	86	2027.13991066631
chr15	3718	3826	109	101	2000.85511347686
chr15	3827	3920	94	87	2019.78099911168
chr15	3921	4008	88	84	2016.56139845442
chr15	4009	4091	83	83	2019.7466200373
chr15	4092	4217	126	91	2008.08595969191
chr15	4218	4333	116	92	2018.26499638176
chr15	4334	4418	85	85	2025.185269828
chr15	4419	4499	81	80	2012.66109892671
chr15	4500	4599	100	99	2008.61032193385
chr15	4600	4682	83	83	2020.32996129578
chr15	4683	4764	82	82	2012.11660965247
chr15	4765	4845	81	81	2013.54840806539
chr15	4846	4927	82	82	2000.04230413533
chr15	4928	5013	86	86	2009.47898680328
chr15	5014	5127	114	102	2321.28861267826
chr16	1	112	112	104	2007.37275989336
chr16	113	228	116	109	2021.60584738083
chr16	229	323	95	90	2018.77864682344
chr16	324	405	82	82	2017.80518483337
chr16	406	498	93	89	2014.33853773733
chr16	499	589	91	91	2002.9186934685
chr16	590	681	92	90	2019.55137487074
chr16	682	812	131	96	2018.5695801952
chr16	813	962	150	88	2008.12981425072
chr16	963	1059	97	89	2003.44371018811
chr16	1060	1176	117	87	2000.16096769721
chr16	1177	1271	95	95	2007.29176413917
chr16	1272	1353	82	82	2003.09220660114
chr16	1354	1500	147	99	2019.64976113232
chr16	1501	1730	230	121	2017.70038597703
chr16	1731	2443	713	93	2012.36402471028
chr16	2444	2523	80	80	2017.88481405311
chr16	2524	2600	77	77	2010.50994333751
chr16	2601	2689	89	89	2013.71544742623
chr16	2690	2766	77	77	2019.85673783835
chr16	2767	2852	86	83	2008.19602891947
chr16	2853	2948	96	96	2003.00325360664
chr16	2949	3039	91	91	2015.87161136899
chr16	3040	3126	87	87	2008.7175340307
chr16	3127	3214	88	88	2022.86300263708
chr16	3215	3294	80	80	2021.26667403158
chr16	3295	3385	91	91	2005.40119663254
chr16	3386	3491	106	106	2005.92397197719
chr16	3492	3582	91	74	2003.67941206727
chr16	3583	3672	90	90	2015.43211695879
chr16	3673	3771	99	93	2002.16593049168
chr16	3772	3862	91	91	2001.11129319273
chr16	3863	3942	80	80	2013.25074469785
chr16	3943	4016	74	74	2008.42693537916
chr16	4017	4104	88	88	2016.54470277286
chr16	4105	4179	75	75	2009.09869502012
chr16	4180	4267	88	88	2011.24052694662
chr16	4268	4346	79	79	2010.84813823563
chr16	4347	4518	172	145	2980.49259839117
chr17	1	117	117	111	2017.07933381337
chr17	118	229	112	108	2013.16271073847
chr17	230	324	95	93	2018.05257219572
chr17	325	430	106	106	2001.55065855731
chr17	431	519	89	89	2014.80872844435
chr17	520	604	85	85	2018.23789928572
chr17	605	690	86	86	2008.18472628113
chr17	691	793	103	86	2010.00422910441
chr17	794	902	109	97	2008.85550797292
chr17	903	1062	160	100	2060.98962473196
chr17	1063	1367	305	99	2011.43804514601
chr17	1368	1487	120	107	2003.93667709188
chr17	1488	1585	98	91	2005.7850227826
chr17	1586	1656	71	71	2010.64674271323
chr17	1657	1768	112	94	2018.8607650222
chr17	1769	1885	117	102	2020.69969476514
chr17	1886	1982	97	94	2016.77408487162
chr17	1983	2091	109	107	2019.42582602669
chr17	2092	2200	109	100	2005.11433580062
chr17	2201	2329	129	95	2011.29334064594
chr17	2330	2423	94	94	2020.97505479373
chr17	2424	2511	88	88	2017.31923680723
chr17	2512	2601	90	90	2015.31602108416
chr17	2602	2690	89	89	2011.25932731745
chr17	2691	2773	83	83	2008.9155981859
chr17	2774	2867	94	94	2010.25954052235
chr17	2868	2981	114	104	2006.47665641709
chr17	2982	3088	107	95	2018.37648840207
chr17	3089	3200	112	94	2009.94132004751
chr17	3201	3294	94	94	2000.07668240741
chr17	3295	3396	102	98	2001.43270551197
chr17	3397	3480	84	84	2018.77139683761
chr17	3481	3563	83	83	2019.24275060279
chr17	3564	3643	80	80	2012.79761417094
chr17	3644	3753	110	109	2016.50794114882
chr17	3754	3845	92	92	2007.33709272064
chr17	3846	3937	92	87	2016.3337941229
chr17	3938	4060	123	118	2331.55519903189
chr18	1	99	99	92	2001.18195802717
chr18	100	194	95	95	2015.19093888129
chr18	195	281	87	86	2021.54290807595
chr18	282	364	83	83	2023.06734455588
chr18	365	446	82	82	2012.32585865536
chr18	447	538	92	89	2002.26893963604
chr18	539	635	97	92	2000.59604705794
chr18	636	970	335	96	2001.85695200955
chr18	971	1061	91	91	2012.46992109151
chr18	1062	1142	81	81	2023.42055568688
chr18	1143	1227	85	85	2022.40021477188
chr18	1228	1313	86	86	2009.73727748007
chr18	1314	1403	90	90	2013.54974694798
chr18	1404	1494	91	91	2017.13467770853
chr18	1495	1579	85	85	2012.32278686106
chr18	1580	1667	88	88	2022.95156522774
chr18	1668	1752	85	85	2028.44325177799
chr18	1753	1829	77	77	2013.79781296752
chr18	1830	1912	83	83	2002.6018248493
chr18	1913	1995	83	83	2008.10638571088
chr18	1996	2083	88	88	2012.77514556929
chr18	2084	2161	78	78	2029.73334059985
chr18	2162	2247	86	85	2007.76433630547
chr18	2248	2324	77	77	2019.30926659387
chr18	2325	2409	85	85	2004.71155815975
chr18	2410	2494	85	85	2001.80342158699
chr18	2495	2579	85	85	2013.40195136328
chr18	2580	2672	93	84	2022.55934275749
chr18	2673	2754	82	82	2013.0495755865
chr18	2755	2840	86	86	2016.5717801924
chr18	2841	2927	87	87	2017.35271101402
chr18	2928	3011	84	84	2010.79001418165
chr18	3012	3099	88	88	2013.65133323009
chr18	3100	3187	88	88	2011.00924857424
chr18	3188	3276	89	89	2001.46260196784
chr18	3277	3365	89	89	2020.66225162598
chr18	3366	3455	90	90	2003.52607137736
chr18	3456	3543	88	88	2006.03387340312
chr18	3544	3630	87	84	2025.71831201536
chr18	3631	3707	77	77	2019.39949152134
chr18	3708	3796	89	86	2007.08215086536
chr18	3797	3904	108	104	2379.20121023901
chr19	1	149	149	126	2000.580455847
chr19	150	270	121	121	2009.13848560665
chr19	271	396	126	119	2008.14178816984
chr19	397	526	130	123	2010.50836040916
chr19	527	662	136	132	2013.90880343967
chr19	663	783	121	117	2002.04849972831
chr19	784	902	119	119	2005.40238817429
chr19	903	1634	732	111	2019.56063901956
chr19	1635	1730	96	94	2014.63415898826
chr19	1731	1842	112	108	2000.17526283469
chr19	1843	1962	120	115	2011.62402195073
chr19	1963	2090	128	121	2003.95560154764
chr19	2091	2228	138	106	2010.32597563809
chr19	2229	2346	118	114	2001.81734877326
chr19	2347	2474	128	125	2012.43392886399
chr19	2475	2590	116	111	2006.55108673932
chr19	2591	2733	143	125	2019.39939399392
chr19	2734	2957	224	213	3739.73618571654
chr20	1	95	95	90	2022.44546334805
chr20	96	187	92	92	2016.29046020058
chr20	188	284	97	97	2007.10701997669
chr20	285	368	84	84	2022.37345553641
chr20	369	449	81	81	2000.24222220057
chr20	450	529	80	80	2009.35828441338
chr20	530	607	78	78	2010.61034922324
chr20	608	693	86	86	2020.51752975764
chr20	694	779	86	86	2019.88887626329
chr20	780	860	81	81	2013.64774951933
chr20	861	948	88	87	2009.00126599331
chr20	949	1028	80	80	2004.31435550413
chr20	1029	1113	85	85	2004.50422124245
chr20	1114	1202	89	84	2020.03690100177
chr20	1203	1496	294	83	2019.31281463361
chr20	1497	1591	95	95	2019.46719908598
chr20	1592	1694	103	103	2005.53096291904
chr20	1695	1800	106	102	2019.02463956336
chr20	1801	1883	83	83	2011.8843869268
chr20	1884	1960	77	77	2010.06637354771
chr20	1961	2039	79	79	2007.30014265203
chr20	2040	2119	80	80	2003.47005775541
chr20	2120	2206	87	87	2012.52051212957
chr20	2207	2290	84	83	2021.12015854039
chr20	2291	2382	92	89	2003.12344390568
chr20	2383	2483	101	101	2017.56839758749
chr20	2484	2568	85	85	2007.19436965277
chr20	2569	2655	87	86	2022.07879042818
chr20	2656	2741	86	86	2023.45128913985
chr20	2742	2822	81	81	2014.87509312638
chr20	2823	2899	77	77	2012.72194060772
chr20	2900	2975	76	76	2009.53844173676
chr20	2976	3152	177	163	3849.89382596566
chr21	1	860	860	88	2015.49768384222
chr21	861	957	97	97	2007.96834775628
chr21	958	1047	90	90	2012.3636409799
chr21	1048	1138	91	91	2014.62033970586
chr21	1139	1233	95	95	2018.22303228345
chr21	1234	1323	90	90	2000.09668535976
chr21	1324	1410	87	87	2002.26739437644
chr21	1411	1508	98	88	2014.635289831
chr21	1509	1595	87	87	2010.3623130078
chr21	1596	1683	88	87	2011.83278049876
chr21	1684	1778	95	95	2015.39044401587
chr21	1779	1857	79	79	2024.28332413711
chr21	1858	1950	93	93	2025.96746655465
chr21	1951	2029	79	78	2006.74624334683
chr21	2030	2113	84	84	2020.51761505202
chr21	2114	2199	86	80	2010.82637664186
chr21	2200	2298	99	93	2004.54392815189
chr21	2299	2407	109	107	2359.5373752024
chr22	1	1011	1011	98	2026.26783988795
chr22	1012	1164	153	100	2006.7377034758
chr22	1165	1278	114	98	2020.99267627141
chr22	1279	1367	89	85	2024.07912484589
chr22	1368	1444	77	77	2015.44759182952
chr22	1445	1544	100	98	2011.71578024177
chr22	1545	1648	104	102	2017.42609122615
chr22	1649	1729	81	81	2017.38197519964
chr22	1730	1813	84	84	2005.66981827611
chr22	1814	1903	90	90	2003.02367991982
chr22	1904	2009	106	101	2001.44995477764
chr22	2010	2116	107	107	2011.43147282538
chr22	2117	2213	97	93	2014.73279869692
chr22	2214	2300	87	87	2026.98717807497
chr22	2301	2385	85	85	2020.82593054878
chr22	2386	2461	76	76	2023.63465683143
chr22	2462	2566	105	95	2095.92246049212
chrX	1	118	118	90	1253.10840224276
chrX	119	199	81	76	1260.03541409169
chrX	200	258	59	59	1262.75704326006
chrX	259	315	57	57	1258.35766078246
chrX	316	373	58	58	1259.5045911893
chrX	374	434	61	58	1262.39912535432
chrX	435	489	55	54	1258.36863245606
chrX	490	545	56	52	1260.88565300374
chrX	546	597	52	52	1272.0206139379
chrX	598	649	52	52	1261.16720461653
chrX	650	703	54	54	1267.057118375
chrX	704	758	55	55	1266.48540613019
chrX	759	813	55	54	1261.20611977626
chrX	814	871	58	58	1266.88813110626
chrX	872	923	52	52	1266.10148454647
chrX	924	980	57	57	1274.58804321559
chrX	981	1034	54	53	1251.27440359496
chrX	1035	1091	57	56	1254.09856474228
chrX	1092	1146	55	55	1257.2072680517
chrX	1147	1208	62	62	1259.86852629938
chrX	1209	1264	56	55	1256.35953718536
chrX	1265	1324	60	59	1267.77771137934
chrX	1325	1385	61	59	1257.176174709
chrX	1386	1444	59	56	1259.34781048195
chrX	1445	1501	57	54	1254.16000350183
chrX	1502	1558	57	56	1261.32971388546
chrX	1559	1611	53	53	1272.88315448814
chrX	1612	1669	58	55	1257.19698897255
chrX	1670	1730	61	59	1253.26057387847
chrX	1731	1789	59	57	1263.31034735854
chrX	1790	1848	59	56	1262.6051536917
chrX	1849	1910	62	58	1256.57396685088
chrX	1911	1960	50	50	1266.52562074969
chrX	1961	2011	51	51	1250.85891109407
chrX	2012	2074	63	62	1255.48305479297
chrX	2075	2129	55	55	1259.71101293601
chrX	2130	2185	56	55	1268.18428162305
chrX	2186	2247	62	62	1270.13647903768
chrX	2248	2303	56	56	1257.15403271064
chrX	2304	2367	64	64	1261.73311895365
chrX	2368	2448	81	75	1256.30471155969
chrX	2449	2518	70	57	1266.7720609026
chrX	2519	2582	64	62	1270.22855372136
chrX	2583	2689	107	72	1258.66059518967
chrX	2690	2760	71	71	1251.31708551653
chrX	2761	2842	82	80	1263.7737049637
chrX	2843	2916	74	73	1272.91073058896
chrX	2917	3160	244	76	1261.97023454295
chrX	3161	3234	74	74	1257.48830809406
chrX	3235	3300	66	66	1261.53047679951
chrX	3301	3366	66	66	1275.36858472887
chrX	3367	3422	56	56	1272.10459810073
chrX	3423	3480	58	58	1260.06198534007
chrX	3481	3558	78	72	1259.0795395132
chrX	3559	3634	76	64	1274.82318472319
chrX	3635	3704	70	70	1268.90370574681
chrX	3705	3786	82	82	1257.3713506717
chrX	3787	3870	84	78	1260.28665981138
chrX	3871	3935	65	65	1251.53148472802
chrX	3936	4005	70	69	1263.60895611809
chrX	4006	4073	68	67	1255.84538832434
chrX	4074	4139	66	64	1259.54085884785
chrX	4140	4207	68	65	1251.97518616185
chrX	4208	4274	67	65	1268.09608150713
chrX	4275	4345	71	63	1263.21018185335
chrX	4346	4415	70	63	1261.86227521219
chrX	4416	4649	234	91	1268.50900418408
chrX	4650	4710	61	60	1254.99085130271
chrX	4711	4774	64	61	1263.84361419921
chrX	4775	4836	62	59	1262.62039641286
chrX	4837	4892	56	56	1266.91330889017
chrX	4893	4952	60	59	1262.2508665897
chrX	4953	5011	59	59	1258.41202133015
chrX	5012	5091	80	67	1254.78958861169
chrX	5092	5152	61	61	1272.69840450507
chrX	5153	5214	62	61	1252.1435827094
chrX	5215	5269	55	55	1254.16433105585
chrX	5270	5329	60	57	1255.13543942179
chrX	5330	5381	52	52	1260.5396570955
chrX	5382	5443	62	62	1254.76982185727
chrX	5444	5500	57	57	1278.4263434153
chrX	5501	5553	53	53	1269.84265214483
chrX	5554	5608	55	55	1254.43387506586
chrX	5609	5668	60	60	1250.48529875359
chrX	5669	5735	67	57	1250.75578114264
chrX	5736	5805	70	65	1253.21644597873
chrX	5806	5866	61	61	1253.61816311039
chrX	5867	5926	60	60	1268.26272611596
chrX	5927	5996	70	67	1274.77040430133
chrX	5997	6065	69	61	1268.37880180966
chrX	6066	6124	59	59	1276.05777959391
chrX	6125	6185	61	61	1260.68667063501
chrX	6186	6241	56	55	1254.06925048325
chrX	6242	6306	65	63	1255.69029671343
chrX	6307	6374	68	64	1269.15465924082
chrX	6375	6432	58	57	1260.54216276305
chrX	6433	6491	59	58	1269.81175398076
chrX	6492	6547	56	56	1265.38522896437
chrX	6548	6600	53	53	1270.61534300818
chrX	6601	6653	53	53	1257.39275158088
chrX	6654	6712	59	59	1252.94310878086
chrX	6713	6781	69	62	1251.61590855261
chrX	6782	6837	56	56	1273.20231599458
chrX	6838	6893	56	56	1255.10163005874
chrX	6894	6948	55	55	1262.49849696239
chrX	6949	7014	66	60	1254.71034461415
chrX	7015	7085	71	64	1265.53841680369
chrX	7086	7145	60	59	1257.04517047105
chrX	7146	7215	70	58	1254.56907532513
chrX	7216	7273	58	57	1267.97224559197
chrX	7274	7335	62	60	1270.91604826104
chrX	7336	7389	54	54	1260.19451747436
chrX	7390	7457	68	56	1273.16255100384
chrX	7458	7509	52	51	1265.83193363447
chrX	7510	7563	54	54	1251.39585036795
chrX	7564	7636	73	59	1256.01240573859
chrX	7637	7764	128	107	2092.54757270821
